Vgs1 (V) =	-2.064548E-5	Vgs2 (V) =	4.999889E+0	Vgs3 (V) =	1.000030E+1	Vgs4 (V) =	1.500037E+1	Vgs5 (V) =	1.999959E+1	Vgs6 (V) =	2.499847E+1	Vgs7 (V) =	3.000044E+1	Vgs8 (V) =	3.500514E+1	Vgs9 (V) =	4.000999E+1	
Igs1 (A) =	-1.947870E-9	Igs2 (A) =	1.285369E-10	Igs3 (A) =	4.341896E-10	Igs4 (A) =	4.981444E-10	Igs5 (A) =	6.987573E-10	Igs6 (A) =	5.241204E-10	Igs7 (A) =	-1.146203E-10	Igs8 (A) =	5.747463E-10	Igs9 (A) =	4.977657E-10	
Vds1 (V)	Ids1 (A)	Vds2 (V)	Ids2 (A)	Vds3 (V)	Ids3 (A)	Vds4 (V)	Ids4 (A)	Vds5 (V)	Ids5 (A)	Vds6 (V)	Ids6 (A)	Vds7 (V)	Ids7 (A)	Vds8 (V)	Ids8 (A)	Vds9 (V)	Ids9 (A)	
1.81034800E-2	4.90992400E-9	1.80105300E-2	1.45348200E-8	1.78583500E-2	2.76544500E-8	1.80274200E-2	4.92690100E-8	1.80020600E-2	7.10827800E-8	1.79005600E-2	9.79641500E-8	1.80189800E-2	1.23317800E-7	1.84583900E-2	1.59336400E-7	1.80443100E-2	1.98133800E-7
5.17974900E-1	9.08893900E-8	5.18227600E-1	2.87333800E-7	5.18769300E-1	5.16854600E-7	5.19631100E-1	8.91987200E-7	5.18051400E-1	1.29293100E-6	5.18033700E-1	1.77270800E-6	5.18135400E-1	2.29043700E-6	5.18211000E-1	2.92956600E-6	5.18337900E-1	3.64353300E-6
1.01794000E+0	1.62723000E-7	1.01858100E+0	5.43340000E-7	1.01781300E+0	9.78854000E-7	1.01790500E+0	1.69601300E-6	1.01785500E+0	2.46831500E-6	1.01805100E+0	3.39763300E-6	1.01818600E+0	4.43093700E-6	1.01836100E+0	5.69437000E-6	1.01847800E+0	7.11114800E-6
1.51731800E+0	2.24107200E-7	1.51863300E+0	7.82721000E-7	1.51754800E+0	1.41643900E-6	1.51768300E+0	2.46703800E-6	1.51798800E+0	3.61277600E-6	1.51795400E+0	4.98764700E-6	1.51840300E+0	6.54356200E-6	1.51872300E+0	8.44562100E-6	1.51755100E+0	1.05416500E-5
2.01744700E+0	2.76714000E-7	2.01714400E+0	1.00100100E-6	2.01724400E+0	1.83572900E-6	2.01747900E+0	3.21581100E-6	2.01763200E+0	4.73533500E-6	2.01788500E+0	6.54878900E-6	2.01812700E+0	8.62946800E-6	2.01728300E+0	1.11179000E-5	2.01704700E+0	1.39887100E-5
2.52052600E+0	3.22287700E-7	2.52010600E+0	1.21341400E-6	2.52016000E+0	2.24345200E-6	2.52048500E+0	3.95010600E-6	2.52080600E+0	5.84231800E-6	2.52114700E+0	8.09463700E-6	2.51998800E+0	1.06485000E-5	2.52002600E+0	1.38264200E-5	2.52003000E+0	1.74423700E-5
3.01984900E+0	3.61040400E-7	3.01976600E+0	1.41421300E-6	3.01985400E+0	2.63641300E-6	3.02033300E+0	4.66310600E-6	3.02058500E+0	6.92041700E-6	3.02087100E+0	9.60824500E-6	3.01957600E+0	1.26737000E-5	3.01988100E+0	1.64946600E-5	3.01981600E+0	2.08520900E-5
3.51998300E+0	3.94246700E-7	3.51957000E+0	1.60551900E-6	3.51956200E+0	3.01738100E-6	3.52033000E+0	5.36029300E-6	3.52069700E+0	7.97891300E-6	3.51921700E+0	1.10421500E-5	3.51957900E+0	1.46786000E-5	3.51973700E+0	1.91402000E-5	3.51960900E+0	2.42421300E-5
4.01987100E+0	4.22708600E-7	4.01936100E+0	1.78560400E-6	4.01988600E+0	3.38784400E-6	4.02008300E+0	6.04125700E-6	4.02056800E+0	9.01795900E-6	4.01941000E+0	1.25081700E-5	4.01939800E+0	1.66609900E-5	4.01947400E+0	2.17590700E-5	4.01957500E+0	2.76041600E-5
4.51940500E+0	4.46670400E-7	4.51923300E+0	1.95390800E-6	4.51951100E+0	3.74923200E-6	4.51992100E+0	6.69967000E-6	4.52016800E+0	1.00402100E-5	4.51899900E+0	1.39570300E-5	4.51895900E+0	1.86216400E-5	4.51922100E+0	2.43585100E-5	4.51914600E+0	3.09429100E-5
5.01896500E+0	4.65722400E-7	5.01897200E+0	2.11033100E-6	5.01912500E+0	4.10098500E-6	5.01979900E+0	7.30231500E-6	5.01839600E+0	1.09866400E-5	5.01868100E+0	1.53887900E-5	5.01883700E+0	2.05641100E-5	5.01910400E+0	2.69336300E-5	5.01879500E+0	3.42582500E-5
5.52221100E+0	4.80976400E-7	5.52165200E+0	2.25328600E-6	5.52204500E+0	4.44606800E-6	5.52290500E+0	7.82713400E-6	5.52176800E+0	1.19764500E-5	5.52168200E+0	1.68124700E-5	5.52178600E+0	2.24993400E-5	5.52193700E+0	2.95030000E-5	5.52197200E+0	3.75709600E-5
6.02137200E+0	4.92742200E-7	6.02091700E+0	2.38204700E-6	6.02111700E+0	4.78005300E-6	6.02185700E+0	8.31555400E-6	6.02068300E+0	1.29422200E-5	6.02056000E+0	1.82086900E-5	6.02077500E+0	2.43994900E-5	6.02106000E+0	3.20330500E-5	6.02067100E+0	4.08324600E-5
6.52132200E+0	5.03968000E-7	6.52065500E+0	2.49784100E-6	6.52113100E+0	5.10576300E-6	6.52203800E+0	8.80708100E-6	6.52054100E+0	1.38865700E-5	6.52039200E+0	1.95840500E-5	6.52051900E+0	2.62869800E-5	6.52095200E+0	3.45507400E-5	6.52098800E+0	4.40809900E-5
7.02081700E+0	5.13236000E-7	7.02043400E+0	2.60084400E-6	7.02098200E+0	5.42106400E-6	7.02163700E+0	9.35298400E-6	7.02031300E+0	1.48055100E-5	7.02037600E+0	2.08980000E-5	7.02051100E+0	2.81536700E-5	7.02053500E+0	3.70423500E-5	7.02061900E+0	4.73078400E-5
7.52069800E+0	5.21349800E-7	7.52025500E+0	2.69513400E-6	7.52059600E+0	5.72432700E-6	7.52120600E+0	9.89147400E-6	7.52004200E+0	1.56930300E-5	7.51996600E+0	2.21899200E-5	7.52022600E+0	3.00039100E-5	7.52049400E+0	3.95173400E-5	7.52036500E+0	5.05125800E-5
8.02033500E+0	5.28650100E-7	8.02002000E+0	2.77953800E-6	8.02035500E+0	6.01320800E-6	8.02111400E+0	1.03526000E-5	8.01981800E+0	1.65474800E-5	8.01971300E+0	2.34667700E-5	8.01987600E+0	3.18340900E-5	8.02017200E+0	4.19706200E-5	8.02021400E+0	5.36979500E-5
8.52321100E+0	5.34858300E-7	8.52276700E+0	2.85703600E-6	8.52348500E+0	6.28512000E-6	8.52265900E+0	1.01913000E-5	8.52279000E+0	1.73719500E-5	8.52291000E+0	2.46907100E-5	8.52264800E+0	3.36406400E-5	8.52306600E+0	4.44121100E-5	8.52315000E+0	5.68771100E-5
9.02313600E+0	5.40325900E-7	9.02289700E+0	2.92572300E-6	9.02366400E+0	6.53690100E-6	9.02230700E+0	1.06481000E-5	9.02260900E+0	1.81469100E-5	9.02262400E+0	2.59000700E-5	9.02275400E+0	3.54068100E-5	9.02316900E+0	4.67959300E-5	9.02314600E+0	6.00057300E-5
9.52238500E+0	5.45260400E-7	9.52202400E+0	2.98822000E-6	9.52286800E+0	6.76709900E-6	9.52191400E+0	1.10054600E-5	9.52222300E+0	1.88903900E-5	9.52223800E+0	2.70540000E-5	9.52228800E+0	3.71234100E-5	9.52272200E+0	4.91333200E-5	9.52276800E+0	6.30918600E-5
1.00222900E+1	5.49321200E-7	1.00222000E+1	3.04481000E-6	1.00226300E+1	6.97934900E-6	1.00218500E+1	1.13456100E-5	1.00219400E+1	1.95991400E-5	1.00221100E+1	2.81380200E-5	1.00221200E+1	3.87910600E-5	1.00224600E+1	5.14127400E-5	1.00226800E+1	6.61270100E-5
1.05221700E+1	5.53918400E-7	1.05218100E+1	3.09748500E-6	1.05225400E+1	7.17533600E-6	1.05216400E+1	1.17041600E-5	1.05215700E+1	2.02854100E-5	1.05218600E+1	2.91905100E-5	1.05219500E+1	4.04080200E-5	1.05223000E+1	5.36414700E-5	1.05225600E+1	6.90938600E-5
1.10218100E+1	5.57843700E-7	1.10215100E+1	3.14511300E-6	1.10222200E+1	7.35257100E-6	1.10211600E+1	1.19592000E-5	1.10212700E+1	2.09453300E-5	1.10213900E+1	3.02245800E-5	1.10216300E+1	4.19638800E-5	1.10217400E+1	5.57967200E-5	1.10217200E+1	7.19997300E-5
1.15251600E+1	5.61446300E-7	1.15246100E+1	3.19034500E-6	1.15252500E+1	7.51536000E-6	1.15245000E+1	1.22694400E-5	1.15247200E+1	2.15546800E-5	1.15246600E+1	3.12455700E-5	1.15250300E+1	4.34867700E-5	1.15249700E+1	5.79100500E-5	1.15254800E+1	7.48431400E-5
1.20245800E+1	5.64601000E-7	1.20244100E+1	3.23029300E-6	1.20250500E+1	7.66232100E-6	1.20241800E+1	1.26630400E-5	1.20241400E+1	2.21065300E-5	1.20241300E+1	3.22304800E-5	1.20246600E+1	4.49583700E-5	1.20249400E+1	5.99627600E-5	1.20248500E+1	7.76045900E-5
1.25242000E+1	5.67661300E-7	1.25242300E+1	3.26556400E-6	1.25248400E+1	7.79519400E-6	1.25238000E+1	1.28583000E-5	1.25239600E+1	2.26421300E-5	1.25243100E+1	3.32011200E-5	1.25242700E+1	4.63859400E-5	1.25245400E+1	6.19444300E-5	1.25248100E+1	8.02758300E-5
1.30239500E+1	5.70754800E-7	1.30236500E+1	3.29641900E-6	1.30243700E+1	7.91279800E-6	1.30234300E+1	1.30260400E-5	1.30234800E+1	2.31750500E-5	1.30238000E+1	3.41490800E-5	1.30237500E+1	4.77664500E-5	1.30242100E+1	6.38759900E-5	1.30245000E+1	8.29053900E-5
1.35233500E+1	5.73153400E-7	1.35230100E+1	3.32329800E-6	1.35237100E+1	8.02036900E-6	1.35227200E+1	1.33073300E-5	1.35228200E+1	2.36490600E-5	1.35230800E+1	3.50570800E-5	1.35233400E+1	4.91014800E-5	1.35237200E+1	6.57564200E-5	1.35238500E+1	8.54862100E-5
1.40224400E+1	5.76046400E-7	1.40221700E+1	3.34962500E-6	1.40230800E+1	8.11803000E-6	1.40217300E+1	1.36168400E-5	1.40217200E+1	2.41118200E-5	1.40221500E+1	3.59194700E-5	1.40221600E+1	5.03879400E-5	1.40227100E+1	6.75929300E-5	1.40227900E+1	8.79829300E-5
1.45253400E+1	5.78794300E-7	1.45251400E+1	3.37203000E-6	1.45254300E+1	8.20905600E-6	1.45248200E+1	1.39548600E-5	1.45248600E+1	2.45936700E-5	1.45250000E+1	3.67426900E-5	1.45250900E+1	5.16386600E-5	1.45255200E+1	6.94065700E-5	1.45258000E+1	9.04535300E-5
1.50245300E+1	5.81686500E-7	1.50241900E+1	3.39420600E-6	1.50250400E+1	8.29420300E-6	1.50237300E+1	1.42329200E-5	1.50241300E+1	2.50475300E-5	1.50244100E+1	3.75171300E-5	1.50246400E+1	5.28291900E-5	1.50247100E+1	7.11485400E-5	1.50250100E+1	9.28258200E-5
1.55241000E+1	5.84118300E-7	1.55233100E+1	3.41309000E-6	1.55243700E+1	8.37334800E-6	1.55231700E+1	1.43894100E-5	1.55232800E+1	2.54684800E-5	1.55234500E+1	3.82608200E-5	1.55237800E+1	5.39862300E-5	1.55245100E+1	7.28404800E-5	1.55240600E+1	9.51488700E-5
1.60231300E+1	5.86361900E-7	1.60226300E+1	3.43251300E-6	1.60234500E+1	8.44824800E-6	1.60222000E+1	1.45221700E-5	1.60223800E+1	2.58671500E-5	1.60229100E+1	3.89655500E-5	1.60230600E+1	5.51149400E-5	1.60234200E+1	7.44877500E-5	1.60234900E+1	9.73923700E-5
1.65220100E+1	5.88862300E-7	1.65217400E+1	3.45181600E-6	1.65226400E+1	8.51848600E-6	1.65214500E+1	1.46506000E-5	1.65216200E+1	2.62642800E-5	1.65219300E+1	3.96512000E-5	1.65221300E+1	5.61898700E-5	1.65225100E+1	7.60824500E-5	1.65224200E+1	9.95801800E-5
1.70213800E+1	5.91190300E-7	1.70208500E+1	3.47024700E-6	1.70218000E+1	8.58167800E-6	1.70208100E+1	1.48532700E-5	1.70207300E+1	2.66232600E-5	1.70209100E+1	4.03111100E-5	1.70212300E+1	5.72259400E-5	1.70216200E+1	7.76162800E-5	1.70218400E+1	1.01728700E-4
1.75241000E+1	5.93212000E-7	1.75236100E+1	3.48767500E-6	1.75247500E+1	8.64396600E-6	1.75234900E+1	1.50153300E-5	1.75235300E+1	2.69738500E-5	1.75238200E+1	4.09502000E-5	1.75240600E+1	5.82557700E-5	1.75245000E+1	7.91181000E-5	1.75247000E+1	1.03823800E-4
1.80232700E+1	5.95750700E-7	1.80229300E+1	3.50213600E-6	1.80240200E+1	8.69819700E-6	1.80226000E+1	1.49597400E-5	1.80228600E+1	2.73319100E-5	1.80229500E+1	4.15432200E-5	1.80232200E+1	5.92455600E-5	1.80236700E+1	8.05534700E-5	1.80223700E+1	1.04331500E-4
1.85225800E+1	5.97942500E-7	1.85222400E+1	3.51749600E-6	1.85233000E+1	8.75046000E-6	1.85218500E+1	1.52608900E-5	1.85220900E+1	2.76879900E-5	1.85222400E+1	4.21268300E-5	1.85226200E+1	6.02037000E-5	1.85229200E+1	8.19740200E-5	1.85215800E+1	1.06491400E-4
1.90217300E+1	6.00373900E-7	1.90213400E+1	3.53016000E-6	1.90223200E+1	8.79359200E-6	1.90210000E+1	1.54427800E-5	1.90211500E+1	2.80061900E-5	1.90212600E+1	4.26915500E-5	1.90216400E+1	6.11402300E-5	1.90221000E+1	8.33462300E-5	1.90208600E+1	1.08566400E-4
1.95208700E+1	6.03078700E-7	1.95200400E+1	3.54242100E-6	1.95212500E+1	8.83497900E-6	1.95201600E+1	1.53564900E-5	1.95202000E+1	2.83224400E-5	1.95204100E+1	4.32630400E-5	1.95210000E+1	6.20337400E-5	1.95212700E+1	8.47041200E-5	1.95201100E+1	1.10575200E-4
2.00197200E+1	6.05326900E-7	2.00192900E+1	3.55545000E-6	2.00202600E+1	8.87398900E-6	2.00188600E+1	1.54457800E-5	2.00191500E+1	2.86146800E-5	2.00193400E+1	4.38090800E-5	2.00200400E+1	6.29053200E-5	2.00201100E+1	8.59837100E-5	2.00190300E+1	1.12564200E-4
2.05221800E+1	6.07685500E-7	2.05216400E+1	3.56958300E-6	2.05226800E+1	8.90795200E-6	2.05213300E+1	1.56075300E-5	2.05215900E+1	2.88896000E-5	2.05216900E+1	4.43296700E-5	2.05221100E+1	6.37367000E-5	2.05225900E+1	8.72486900E-5	2.05210600E+1	1.14537600E-4
2.10214800E+1	6.09895800E-7	2.10210000E+1	3.58035700E-6	2.10220800E+1	8.93769600E-6	2.10208000E+1	1.55260300E-5	2.10209100E+1	2.91393000E-5	2.10212100E+1	4.48149600E-5	2.10215200E+1	6.45351000E-5	2.10218900E+1	8.84668000E-5	2.10206900E+1	1.16421800E-4
2.15208500E+1	6.11800700E-7	2.15204000E+1	3.59202600E-6	2.15212000E+1	8.95989800E-6	2.15199700E+1	1.55597000E-5	2.15201600E+1	2.93813400E-5	2.15204800E+1	4.53004700E-5	2.15206700E+1	6.53029500E-5	2.15210800E+1	8.96647800E-5	2.15198200E+1	1.18254800E-4
2.20200400E+1	6.14441700E-7	2.20195100E+1	3.60470600E-6	2.20202900E+1	8.97826800E-6	2.20191500E+1	1.55837700E-5	2.20192100E+1	2.95863300E-5	2.20196100E+1	4.57516300E-5	2.20199000E+1	6.60467800E-5	2.20204700E+1	9.08282200E-5	2.20189100E+1	1.20011300E-4
2.25190000E+1	6.16593000E-7	2.25183600E+1	3.61733100E-6	2.25195600E+1	8.99914900E-6	2.25182300E+1	1.56130100E-5	2.25183900E+1	2.97834700E-5	2.25184500E+1	4.61805800E-5	2.25190000E+1	6.67764300E-5	2.25195500E+1	9.19397100E-5	2.25181100E+1	1.21725700E-4
2.30182600E+1	6.19150600E-7	2.30177500E+1	3.62829100E-6	2.30186500E+1	9.02348800E-6	2.30174400E+1	1.58825900E-5	2.30176400E+1	2.99822200E-5	2.30179500E+1	4.66037700E-5	2.30183600E+1	6.74827600E-5	2.30185800E+1	9.30634100E-5	2.30174200E+1	1.23397900E-4
2.35212200E+1	6.21581300E-7	2.35202000E+1	3.64043900E-6	2.35209600E+1	9.04761100E-6	2.35199400E+1	1.61476800E-5	2.35202100E+1	3.01845800E-5	2.35206100E+1	4.70186100E-5	2.35210100E+1	6.81760200E-5	2.35214800E+1	9.41704900E-5	2.35195800E+1	1.25037400E-4
2.40199800E+1	6.23986400E-7	2.40195900E+1	3.65146200E-6	2.40204800E+1	9.06993400E-6	2.40192300E+1	1.63908200E-5	2.40193500E+1	3.03574500E-5	2.40196200E+1	4.73804300E-5	2.40201800E+1	6.88258700E-5	2.40205800E+1	9.52286800E-5	2.40191100E+1	1.26577500E-4
2.45194400E+1	6.26348000E-7	2.45188100E+1	3.66152800E-6	2.45196400E+1	9.10012300E-6	2.45184300E+1	1.66295300E-5	2.45187400E+1	3.05195900E-5	2.45188700E+1	4.77290600E-5	2.45193600E+1	6.94686500E-5	2.45195700E+1	9.63001700E-5	2.45180700E+1	1.28098700E-4
2.50183700E+1	6.28582100E-7	2.50179400E+1	3.67137500E-6	2.50188000E+1	9.12686800E-6	2.50175600E+1	1.68412500E-5	2.50178600E+1	3.06829000E-5	2.50179500E+1	4.80568500E-5	2.50188000E+1	7.00577600E-5	2.50190500E+1	9.73035300E-5	2.50172600E+1	1.29586800E-4
2.55178100E+1	6.30936300E-7	2.55170300E+1	3.68295200E-6	2.55182300E+1	9.14850400E-6	2.55169500E+1	1.69626200E-5	2.55172500E+1	3.08455100E-5	2.55172900E+1	4.83652200E-5	2.55179600E+1	7.06514300E-5	2.55182100E+1	9.82872800E-5	2.55166900E+1	1.31072200E-4
2.60204200E+1	6.33229400E-7	2.60200100E+1	3.69515000E-6	2.60207200E+1	9.16617000E-6	2.60196500E+1	1.71028800E-5	2.60197600E+1	3.10166800E-5	2.60200000E+1	4.86652000E-5	2.60203200E+1	7.12235200E-5	2.60211100E+1	9.92545200E-5	2.60194500E+1	1.32539800E-4
2.65199600E+1	6.35669500E-7	2.65191500E+1	3.70678300E-6	2.65200300E+1	9.18479200E-6	2.65186900E+1	1.72713200E-5	2.65192900E+1	3.11604700E-5	2.65194100E+1	4.89231600E-5	2.65197900E+1	7.17714900E-5	2.65201500E+1	1.00166600E-4	2.65186700E+1	1.33980800E-4
2.70196700E+1	6.38171300E-7	2.70190300E+1	3.71870900E-6	2.70199900E+1	9.20162400E-6	2.70187800E+1	1.73934100E-5	2.70190400E+1	3.12947400E-5	2.70191200E+1	4.91879600E-5	2.70196400E+1	7.22883100E-5	2.70201100E+1	1.01063300E-4	2.70184400E+1	1.35364300E-4
2.75192100E+1	6.40348800E-7	2.75186700E+1	3.72931500E-6	2.75197000E+1	9.21665500E-6	2.75183400E+1	1.72285100E-5	2.75187400E+1	3.14288100E-5	2.75189500E+1	4.94298100E-5	2.75193800E+1	7.28589800E-5	2.75196600E+1	1.01958200E-4	2.75180700E+1	1.36684400E-4
2.80189600E+1	6.42971500E-7	2.80181100E+1	3.73873800E-6	2.80189100E+1	9.23023400E-6	2.80177200E+1	1.70923600E-5	2.80182200E+1	3.15461300E-5	2.80182500E+1	4.96622500E-5	2.80187900E+1	7.33688300E-5	2.80193600E+1	1.02830500E-4	2.80178600E+1	1.37986500E-4
2.85187500E+1	6.45258900E-7	2.85183500E+1	3.75193800E-6	2.85189900E+1	9.24823800E-6	2.85177900E+1	1.70787400E-5	2.85184800E+1	3.16528600E-5	2.85184800E+1	4.99006200E-5	2.85188300E+1	7.38698700E-5	2.85195800E+1	1.03674500E-4	2.85179500E+1	1.39275900E-4
2.90218900E+1	6.47653100E-7	2.90211100E+1	3.76351500E-6	2.90221800E+1	9.26594200E-6	2.90208400E+1	1.72712200E-5	2.90212300E+1	3.17512200E-5	2.90216300E+1	5.01216200E-5	2.90216100E+1	7.43168900E-5	2.90224600E+1	1.04497800E-4	2.90208100E+1	1.40564200E-4
2.95215300E+1	6.50241300E-7	2.95208900E+1	3.77491500E-6	2.95221000E+1	9.28420100E-6	2.95207200E+1	1.74334000E-5	2.95206300E+1	3.18505600E-5	2.95209700E+1	5.03516300E-5	2.95215300E+1	7.47506300E-5	2.95032500E+1	1.05002300E-4	2.95204800E+1	1.41771300E-4
3.00209800E+1	6.52635000E-7	3.00204200E+1	3.78613800E-6	3.00213600E+1	9.30110500E-6	3.00197400E+1	1.75629300E-5	3.00203900E+1	3.19244900E-5	3.00206500E+1	5.05511900E-5	3.00209400E+1	7.51770800E-5	3.00201100E+1	1.04168300E-4	3.00199400E+1	1.42930100E-4
3.05209100E+1	6.55562600E-7	3.05202500E+1	3.79578800E-6	3.05211000E+1	9.31950700E-6	3.05199100E+1	1.76213900E-5	3.05200400E+1	3.20031100E-5	3.05203900E+1	5.07356200E-5	3.05209000E+1	7.55550600E-5	3.05195500E+1	1.05117600E-4	3.05195300E+1	1.44051100E-4
3.10205500E+1	6.58059600E-7	3.10201400E+1	3.80509500E-6	3.10210000E+1	9.33043100E-6	3.10199100E+1	1.77537700E-5	3.10199200E+1	3.20784600E-5	3.10199900E+1	5.09174100E-5	3.10207600E+1	7.59339600E-5	3.10196400E+1	1.06024900E-4	3.10195800E+1	1.45165200E-4
3.15202100E+1	6.60542500E-7	3.15196600E+1	3.81498800E-6	3.15205600E+1	9.34077500E-6	3.15194200E+1	1.77060400E-5	3.15196800E+1	3.21439500E-5	3.15197300E+1	5.11278500E-5	3.15203500E+1	7.62883100E-5	3.15191900E+1	1.06888200E-4	3.15192600E+1	1.46243900E-4
3.20233300E+1	6.62721600E-7	3.20227900E+1	3.82667500E-6	3.20238400E+1	9.35330800E-6	3.20223400E+1	1.76850500E-5	3.20225400E+1	3.22100800E-5	3.20230800E+1	5.13125500E-5	3.20232600E+1	7.66511200E-5	3.20221300E+1	1.07708500E-4	3.20222500E+1	1.47309400E-4
3.25229600E+1	6.65300400E-7	3.25224100E+1	3.83477300E-6	3.25233100E+1	9.36302300E-6	3.25220500E+1	1.75433700E-5	3.25222200E+1	3.22806400E-5	3.25223200E+1	5.14759300E-5	3.25231100E+1	7.69892600E-5	3.25218800E+1	1.08462400E-4	3.25219800E+1	1.48300200E-4
3.30226400E+1	6.67844400E-7	3.30219700E+1	3.84550300E-6	3.30232900E+1	9.37676300E-6	3.30215600E+1	1.75114300E-5	3.30218100E+1	3.23390100E-5	3.30220800E+1	5.16348900E-5	3.30226100E+1	7.73292300E-5	3.30211800E+1	1.09176800E-4	3.30217000E+1	1.49315300E-4
3.35215800E+1	6.70301900E-7	3.35205800E+1	3.85624800E-6	3.35219500E+1	9.38852600E-6	3.35206300E+1	1.75213200E-5	3.35209200E+1	3.23863100E-5	3.35211200E+1	5.17680900E-5	3.35217500E+1	7.76347600E-5	3.35204700E+1	1.09865600E-4	3.35203300E+1	1.50260000E-4
3.40214300E+1	6.72693700E-7	3.40208100E+1	3.86702600E-6	3.40220400E+1	9.39984500E-6	3.40206300E+1	1.75276300E-5	3.40207900E+1	3.24227900E-5	3.40211600E+1	5.18842500E-5	3.40215200E+1	7.79489500E-5	3.40202300E+1	1.10490400E-4	3.40203500E+1	1.51197400E-4
3.45212800E+1	6.75188100E-7	3.45206600E+1	3.87820500E-6	3.45217700E+1	9.41424000E-6	3.45203700E+1	1.75228300E-5	3.45206000E+1	3.24656800E-5	3.45203900E+1	5.20055200E-5	3.45212300E+1	7.82580400E-5	3.45203400E+1	1.11094900E-4	3.45201000E+1	1.52118200E-4
3.50241600E+1	6.78015600E-7	3.50236600E+1	3.88761100E-6	3.50248300E+1	9.42986400E-6	3.50234400E+1	1.76565800E-5	3.50238200E+1	3.25101100E-5	3.50238300E+1	5.21090800E-5	3.50244700E+1	7.85272200E-5	3.50232300E+1	1.11683400E-4	3.50230800E+1	1.53016100E-4
3.55239800E+1	6.80607500E-7	3.55234400E+1	3.90080400E-6	3.55244500E+1	9.44295300E-6	3.55228400E+1	1.77822200E-5	3.55231600E+1	3.25519500E-5	3.55235900E+1	5.22205000E-5	3.55241200E+1	7.87877400E-5	3.55228500E+1	1.12230200E-4	3.55225100E+1	1.53832300E-4
3.60238200E+1	6.85905700E-7	3.60228500E+1	3.91343500E-6	3.60238800E+1	9.46386100E-6	3.60226600E+1	1.78622100E-5	3.60229000E+1	3.25938700E-5	3.60231600E+1	5.23365700E-5	3.60235100E+1	7.90239500E-5	3.60224000E+1	1.12750600E-4	3.60226200E+1	1.54651600E-4
3.65229200E+1	6.91852300E-7	3.65226500E+1	3.92405400E-6	3.65232900E+1	9.47199300E-6	3.65223200E+1	1.79343500E-5	3.65225500E+1	3.26496600E-5	3.65229000E+1	5.24032400E-5	3.65232500E+1	7.92646200E-5	3.65219900E+1	1.13233500E-4	3.65222900E+1	1.55457300E-4
3.70229000E+1	6.94302200E-7	3.70223700E+1	3.94306500E-6	3.70233800E+1	9.48305000E-6	3.70222200E+1	1.80214800E-5	3.70223000E+1	3.27078000E-5	3.70225900E+1	5.25157300E-5	3.70228600E+1	7.94928100E-5	3.70218800E+1	1.13700000E-4	3.70216400E+1	1.56232600E-4
3.75227700E+1	6.90496200E-7	3.75219700E+1	3.95153600E-6	3.75227500E+1	9.49320300E-6	3.75218000E+1	1.81285600E-5	3.75217300E+1	3.27525200E-5	3.75218600E+1	5.25861800E-5	3.75225100E+1	7.97172900E-5	3.75214200E+1	1.14140000E-4	3.75217200E+1	1.56974200E-4
3.80254200E+1	6.92763700E-7	3.80249600E+1	3.95526400E-6	3.80257500E+1	9.50379600E-6	3.80247300E+1	1.82009200E-5	3.80249100E+1	3.27259000E-5	3.80250900E+1	5.26783500E-5	3.80259400E+1	7.99509100E-5	3.80243500E+1	1.14552600E-4	3.80243500E+1	1.57681800E-4
3.85252100E+1	6.94888900E-7	3.85246000E+1	3.96691400E-6	3.85256300E+1	9.51958300E-6	3.85244400E+1	1.82400100E-5	3.85244400E+1	3.27292900E-5	3.85248100E+1	5.27891900E-5	3.85251200E+1	8.01344900E-5	3.85241800E+1	1.14939400E-4	3.85243300E+1	1.58365000E-4
3.90249600E+1	6.97016900E-7	3.90243300E+1	3.97713300E-6	3.90252700E+1	9.54081100E-6	3.90240200E+1	1.82658100E-5	3.90241900E+1	3.27496300E-5	3.90243900E+1	5.29116300E-5	3.90251700E+1	8.03137000E-5	3.90237500E+1	1.15299800E-4	3.90237600E+1	1.59018100E-4
3.95249100E+1	6.99243600E-7	3.95242300E+1	3.99068900E-6	3.95252200E+1	9.55008000E-6	3.95240200E+1	1.82953900E-5	3.95240500E+1	3.27509300E-5	3.95243200E+1	5.30123200E-5	3.95249100E+1	8.04950800E-5	3.95236600E+1	1.15663400E-4	3.95235100E+1	1.59655600E-4
4.00243700E+1	7.01387300E-7	4.00238300E+1	4.00668300E-6	4.00247300E+1	9.56288200E-6	4.00235900E+1	1.77934400E-5	4.00236700E+1	3.27901900E-5	4.00238500E+1	5.31111800E-5	4.00243800E+1	8.06705400E-5	4.00231300E+1	1.16010500E-4	4.00232600E+1	1.60272100E-4
4.05236600E+1	7.04692100E-7	4.05230900E+1	4.02121500E-6	4.05240900E+1	9.57308100E-6	4.05226900E+1	1.76121200E-5	4.05227500E+1	3.28256200E-5	4.05232800E+1	5.32119200E-5	4.05237700E+1	8.08292600E-5	4.05225800E+1	1.16351000E-4	4.05227400E+1	1.60872900E-4
4.10262800E+1	7.06504500E-7	4.10256200E+1	4.03641800E-6	4.10267300E+1	9.58719600E-6	4.10253300E+1	1.75506400E-5	4.10255600E+1	3.28660000E-5	4.10259500E+1	5.33119400E-5	4.10263900E+1	8.09726500E-5	4.10251200E+1	1.16715200E-4	4.10251300E+1	1.61412500E-4
4.15256700E+1	7.08376100E-7	4.15247700E+1	4.04979000E-6	4.15257800E+1	9.60051700E-6	4.15244400E+1	1.75376600E-5	4.15247400E+1	3.28796200E-5	4.15250300E+1	5.33907700E-5	4.15256000E+1	8.11121800E-5	4.15243300E+1	1.17055700E-4	4.15244300E+1	1.61937600E-4
4.20252600E+1	7.09893100E-7	4.20243700E+1	4.06291000E-6	4.20255500E+1	9.61037200E-6	4.20242000E+1	1.74866100E-5	4.20245000E+1	3.29170600E-5	4.20246400E+1	5.34400000E-5	4.20252300E+1	8.12655400E-5	4.20237900E+1	1.17414300E-4	4.20241200E+1	1.62422800E-4
4.25246100E+1	7.10692200E-7	4.25237500E+1	4.07547000E-6	4.25245300E+1	9.61933200E-6	4.25237100E+1	1.74502100E-5	4.25235700E+1	3.29600500E-5	4.25238600E+1	5.34949400E-5	4.25245500E+1	8.13563400E-5	4.25230800E+1	1.17785900E-4	4.25232200E+1	1.62874200E-4
4.30232200E+1	7.12465500E-7	4.30230200E+1	4.08831500E-6	4.30239600E+1	9.62898600E-6	4.30227000E+1	1.74436800E-5	4.30229600E+1	3.30129500E-5	4.30233300E+1	5.35517000E-5	4.30240300E+1	8.13639600E-5	4.30224300E+1	1.18099700E-4	4.30224200E+1	1.63321800E-4
4.35227400E+1	7.13806200E-7	4.35219400E+1	4.10328600E-6	4.35230300E+1	9.64402200E-6	4.35216600E+1	1.74558600E-5	4.35219200E+1	3.30531000E-5	4.35224100E+1	5.36039800E-5	4.35227000E+1	8.13949900E-5	4.35213600E+1	1.18383900E-4	4.35215600E+1	1.63768600E-4
4.40254100E+1	7.15426600E-7	4.40245400E+1	4.11821700E-6	4.40256200E+1	9.65541400E-6	4.40242300E+1	1.74626700E-5	4.40241700E+1	3.30869500E-5	4.40247800E+1	5.36665200E-5	4.40255800E+1	8.14991700E-5	4.40241300E+1	1.18655300E-4	4.40241500E+1	1.64247700E-4
4.42889100E+1	7.17517700E-7	4.45237500E+1	4.13001700E-6	4.45248300E+1	9.66458100E-6	4.45234800E+1	1.74862100E-5	4.45236300E+1	3.31236100E-5	4.45240500E+1	5.37202400E-5	4.45244600E+1	8.17075500E-5	4.45231000E+1	1.18886000E-4	4.45234500E+1	1.64730200E-4
4.50238900E+1	7.13384500E-7	4.50232500E+1	4.14693300E-6	4.50241500E+1	9.67794500E-6	4.50228900E+1	1.75007500E-5	4.50233000E+1	3.31576200E-5	4.50234100E+1	5.37830300E-5	4.50241300E+1	8.19074000E-5	4.50227700E+1	1.19091600E-4	4.50228900E+1	1.65196700E-4
4.55237200E+1	8.62852100E-7	4.55227200E+1	4.15600400E-6	4.55234800E+1	9.68427700E-6	4.55219700E+1	1.75077600E-5	4.55223000E+1	3.31719300E-5	4.55227900E+1	5.38495200E-5	4.55233800E+1	8.20633400E-5	4.55218800E+1	1.19291400E-4	4.55221000E+1	1.65606700E-4
4.60221300E+1	6.93753300E-7	4.60215800E+1	4.16793700E-6	4.60228300E+1	9.69773700E-6	4.60212800E+1	1.76279700E-5	4.60215500E+1	3.31813200E-5	4.60218600E+1	5.38991200E-5	4.60225300E+1	8.22304400E-5	4.60211400E+1	1.19516800E-4	4.60213000E+1	1.66028600E-4
4.65216200E+1	6.60339400E-7	4.65206400E+1	4.18268200E-6	4.65220500E+1	9.70684700E-6	4.65207900E+1	1.77351700E-5	4.65207500E+1	3.32036300E-5	4.65211200E+1	5.39641400E-5	4.65217900E+1	8.23700500E-5	4.65204200E+1	1.19745700E-4	4.65207300E+1	1.66424000E-4
4.70234000E+1	6.64392600E-7	4.70228600E+1	4.19718300E-6	4.70239000E+1	9.72167600E-6	4.70225000E+1	1.78167700E-5	4.70225500E+1	3.32268500E-5	4.70232500E+1	5.39976000E-5	4.70232700E+1	8.24774500E-5	4.70222300E+1	1.19965100E-4	4.70223700E+1	1.66815700E-4
4.56721300E+1	6.69562700E-7	4.75221100E+1	4.21089500E-6	4.75232000E+1	9.73392200E-6	4.75217400E+1	1.79694400E-5	4.75221000E+1	3.32477500E-5	4.75224500E+1	5.40301500E-5	4.75227800E+1	8.26092500E-5	4.75217200E+1	1.20143800E-4	4.75216300E+1	1.67202200E-4
4.80211000E+1	6.43528700E-7	4.80215500E+1	4.22541000E-6	4.80228200E+1	9.74614200E-6	4.80210400E+1	1.81381500E-5	4.80214400E+1	3.32598600E-5	4.80219300E+1	5.40884300E-5	4.80223200E+1	8.26997000E-5	4.80208000E+1	1.20309100E-4	4.80213800E+1	1.67580600E-4
4.85213900E+1	6.43681500E-7	4.85208800E+1	4.23875300E-6	4.85218000E+1	9.75775200E-6	4.85204500E+1	1.82894400E-5	4.85203200E+1	3.32697900E-5	4.85210900E+1	5.41567300E-5	4.85211500E+1	8.27905600E-5	4.85202200E+1	1.20463400E-4	4.85203100E+1	1.67962000E-4
4.90199500E+1	6.49273500E-7	4.90200700E+1	4.25623800E-6	4.90211400E+1	9.76840700E-6	4.90197200E+1	1.84209300E-5	4.90199900E+1	3.32814200E-5	4.90204800E+1	5.41958900E-5	4.90208200E+1	8.28823200E-5	4.90197500E+1	1.20622100E-4	4.90194800E+1	1.68286800E-4
4.95187000E+1	8.62722900E-7	4.95193400E+1	4.27205000E-6	4.95201800E+1	9.78718100E-6	4.95189100E+1	1.85338800E-5	4.95189500E+1	3.32867800E-5	4.95194700E+1	5.42564600E-5	4.95198700E+1	8.29857700E-5	4.95186800E+1	1.20786700E-4	4.95189700E+1	1.68578400E-4
5.00223300E+1	6.23159800E-7	5.00216400E+1	4.29010200E-6	5.00228000E+1	9.81218200E-6	5.00214200E+1	1.86247800E-5	5.00216400E+1	3.32800100E-5	5.00219800E+1	5.43009200E-5	5.00225200E+1	8.30690500E-5	5.00210600E+1	1.20935200E-4	5.00211100E+1	1.68824400E-4
5.05215600E+1	6.34252800E-7	5.05210600E+1	4.30481700E-6	5.05221300E+1	9.82813800E-6	5.05206900E+1	1.87057300E-5	5.05208500E+1	3.33150200E-5	5.05212900E+1	5.43377500E-5	5.05218700E+1	8.31454400E-5	5.05205700E+1	1.21108300E-4	5.05206100E+1	1.69097700E-4
4.37470800E+1	6.35312000E-7	5.10202900E+1	4.32042000E-6	5.10213600E+1	9.84613400E-6	5.10198800E+1	1.87898700E-5	5.10201800E+1	3.33405700E-5	5.10203500E+1	5.43807100E-5	5.10209800E+1	8.32361400E-5	5.10199500E+1	1.21248900E-4	5.10197700E+1	1.69355800E-4
5.15217900E+1	1.65018200E-6	5.15195200E+1	4.34004700E-6	5.15205200E+1	9.86235700E-6	5.15192300E+1	1.88782500E-5	5.15192300E+1	3.33695300E-5	5.15197000E+1	5.44214300E-5	5.15202100E+1	8.32958300E-5	5.15191100E+1	1.21361400E-4	5.15190800E+1	1.69630600E-4
5.19960600E+1	1.58751300E-6	5.20189800E+1	4.36103800E-6	5.20198000E+1	9.88535400E-6	5.20183700E+1	1.89415400E-5	5.20184600E+1	3.34131200E-5	5.20188400E+1	5.44546100E-5	5.20197000E+1	8.33666300E-5	5.20185700E+1	1.21480400E-4	5.20183300E+1	1.69875300E-4
5.25175000E+1	6.07105500E-7	5.25178700E+1	4.37330800E-6	5.25187600E+1	9.90406400E-6	5.25173800E+1	1.89860500E-5	5.25176800E+1	3.34700500E-5	5.25180300E+1	5.44961700E-5	5.25187300E+1	8.34571100E-5	5.25173800E+1	1.21606400E-4	5.25174100E+1	1.70124400E-4
4.44325400E+1	6.05338900E-7	5.30206500E+1	4.39386800E-6	5.30217600E+1	9.92213900E-6	5.30203600E+1	1.90185700E-5	5.30206000E+1	3.35273200E-5	5.30209200E+1	5.45084600E-5	5.30213400E+1	8.35081400E-5	5.30201300E+1	1.21736200E-4	5.30200400E+1	1.70392800E-4
5.35194300E+1	1.44522700E-6	5.35201400E+1	4.41408200E-6	5.35207100E+1	9.93643400E-6	5.35195800E+1	1.90566000E-5	5.35196800E+1	3.35544900E-5	5.35201100E+1	5.45208400E-5	5.35207000E+1	8.35590400E-5	5.35192900E+1	1.21853600E-4	5.35192800E+1	1.70642600E-4
5.28023000E+1	1.05002000E-6	5.40197400E+1	4.42766300E-6	5.40209200E+1	9.95745900E-6	5.40193600E+1	1.90854100E-5	5.40197800E+1	3.35615800E-5	5.40199200E+1	5.45528700E-5	5.40203700E+1	8.36516300E-5	5.40190700E+1	1.21949500E-4	5.40190000E+1	1.70869200E-4
5.45187800E+1	6.98323300E-7	5.45192900E+1	4.44015500E-6	5.45204800E+1	9.97844700E-6	5.45190000E+1	1.91046500E-5	5.45190900E+1	3.35914300E-5	5.45195300E+1	5.45822500E-5	5.45202000E+1	8.37098600E-5	5.45187300E+1	1.22069400E-4	5.45187700E+1	1.71090500E-4
5.50197100E+1	8.29636900E-7	5.50190900E+1	4.46069000E-6	5.50198200E+1	9.99758600E-6	5.50185600E+1	1.91356200E-5	5.50188600E+1	3.36259100E-5	5.50192800E+1	5.45952800E-5	5.50197100E+1	8.37672900E-5	5.50185800E+1	1.22186200E-4	5.50184600E+1	1.71311800E-4
5.55183600E+1	2.51566200E-6	5.55188600E+1	4.48466300E-6	5.55198200E+1	1.00166400E-5	5.55183000E+1	1.91679000E-5	5.55185000E+1	3.36749900E-5	5.55190200E+1	5.46060400E-5	5.55194400E+1	8.38322600E-5	5.55183400E+1	1.22299300E-4	5.55181900E+1	1.71543900E-4
5.60219100E+1	2.21083800E-6	5.60218900E+1	4.50363600E-6	5.60228700E+1	1.00370100E-5	5.60213900E+1	1.92097500E-5	5.60215200E+1	3.37049900E-5	5.60219900E+1	5.46265800E-5	5.60225100E+1	8.38854000E-5	5.60213100E+1	1.22414800E-4	5.60212100E+1	1.71743500E-4
5.41762400E+1	2.14756300E-6	5.65215600E+1	4.52850000E-6	5.65229400E+1	1.00531900E-5	5.65211300E+1	1.92353300E-5	5.65213800E+1	3.37482200E-5	5.65218200E+1	5.46715200E-5	5.65224100E+1	8.39470500E-5	5.65212900E+1	1.22551200E-4	5.65208600E+1	1.71892600E-4
5.68090600E+1	2.81549500E-6	5.70210300E+1	4.54486900E-6	5.70218800E+1	1.00740400E-5	5.70207400E+1	1.92450300E-5	5.70207300E+1	3.37897800E-5	5.70210900E+1	5.47308900E-5	5.70217700E+1	8.40115200E-5	5.70204500E+1	1.22655900E-4	5.70203700E+1	1.72074000E-4
5.75216300E+1	3.22456800E-6	5.75210600E+1	4.56736400E-6	5.75219400E+1	1.00963000E-5	5.75204900E+1	1.92742200E-5	5.75205300E+1	3.38209200E-5	5.75209700E+1	5.47927300E-5	5.75216300E+1	8.40675300E-5	5.75203900E+1	1.22741800E-4	5.75204700E+1	1.72212400E-4
5.79167100E+1	3.23457000E-6	5.80206900E+1	4.58606400E-6	5.80215300E+1	1.01160300E-5	5.80203700E+1	1.93008700E-5	5.80199300E+1	3.38447300E-5	5.80207200E+1	5.48353700E-5	5.80211200E+1	8.41199900E-5	5.80200000E+1	1.22855300E-4	5.80200900E+1	1.72369700E-4
5.81668900E+1	1.65209300E-6	5.85204400E+1	4.60474500E-6	5.85213700E+1	1.01343000E-5	5.85200200E+1	1.93269500E-5	5.85202000E+1	3.38931200E-5	5.85206800E+1	5.49007300E-5	5.85209100E+1	8.41508600E-5	5.85198100E+1	1.22929100E-4	5.85197000E+1	1.72535000E-4
5.85890400E+1	2.03436600E-6	5.90236300E+1	4.62205900E-6	5.90245700E+1	1.01556800E-5	5.90230000E+1	1.93209300E-5	5.90233000E+1	3.39218400E-5	5.90239600E+1	5.49490700E-5	5.90240900E+1	8.41575900E-5	5.90227400E+1	1.23015200E-4	5.90229100E+1	1.72717700E-4
5.95033900E+1	3.24172800E-6	5.95231100E+1	4.64145900E-6	5.95240200E+1	1.01802700E-5	5.95222500E+1	1.93302100E-5	5.95228600E+1	3.39695200E-5	5.95232500E+1	5.50092100E-5	5.95236300E+1	8.41894400E-5	5.95223800E+1	1.23118300E-4	5.95225300E+1	1.72900700E-4
5.95653900E+1	3.23213200E-6	6.00226700E+1	4.66334900E-6	6.00239200E+1	1.02012800E-5	6.00223200E+1	1.93630300E-5	6.00224600E+1	3.39994000E-5	6.00231600E+1	5.50585200E-5	6.00234000E+1	8.42315100E-5	6.00221700E+1	1.23199600E-4	6.00221800E+1	1.73076300E-4
6.05213700E+1	4.20243600E-6	6.05216400E+1	4.68740600E-6	6.05227600E+1	1.02269100E-5	6.05214200E+1	1.93900800E-5	6.05214800E+1	3.40424500E-5	6.05218400E+1	5.51065100E-5	6.05224300E+1	8.42530100E-5	6.05208900E+1	1.23292300E-4	6.05212400E+1	1.73195900E-4
6.10206800E+1	2.81215000E-6	6.10214000E+1	4.70885700E-6	6.10225100E+1	1.02497600E-5	6.10209700E+1	1.94221600E-5	6.10213100E+1	3.40850100E-5	6.10212900E+1	5.51308300E-5	6.10222300E+1	8.42972800E-5	6.10208100E+1	1.23392200E-4	6.10205800E+1	1.73332500E-4
6.07494600E+1	2.38965200E-6	6.15213700E+1	4.73121600E-6	6.15222700E+1	1.02728700E-5	6.15206900E+1	1.94487800E-5	6.15209000E+1	3.41121700E-5	6.15213700E+1	5.51715900E-5	6.15219200E+1	8.43473800E-5	6.15208700E+1	1.23463600E-4	6.15207600E+1	1.73427000E-4
6.20237900E+1	3.72386000E-6	6.20241100E+1	4.74529800E-6	6.20254000E+1	1.02958100E-5	6.20238300E+1	1.94721400E-5	6.20240000E+1	3.41501900E-5	6.20244900E+1	5.52117500E-5	6.20247800E+1	8.43729600E-5	6.20236400E+1	1.23526200E-4	6.20235400E+1	1.73540200E-4
6.25235700E+1	2.19641900E-6	6.25239600E+1	4.77150300E-6	6.25248900E+1	1.03054300E-5	6.25235600E+1	1.95024500E-5	6.25237500E+1	3.41799500E-5	6.25239700E+1	5.52464500E-5	6.25246500E+1	8.43951800E-5	6.25233100E+1	1.23611000E-4	6.25233400E+1	1.73633400E-4
6.30239000E+1	5.63610500E-6	6.30236200E+1	4.79892900E-6	6.30248700E+1	1.03386700E-5	6.30231800E+1	1.95383900E-5	6.30234100E+1	3.42034400E-5	6.30241700E+1	5.52671400E-5	6.30242700E+1	8.44711200E-5	6.30229200E+1	1.23708900E-4	6.30229700E+1	1.73756400E-4
6.35230800E+1	3.25684100E-6	6.35233700E+1	4.82205000E-6	6.35243700E+1	1.03617700E-5	6.35228000E+1	1.95358400E-5	6.35229500E+1	3.42217100E-5	6.35233900E+1	5.53265400E-5	6.35237300E+1	8.45534000E-5	6.35225300E+1	1.23850800E-4	6.35227400E+1	1.73897900E-4
6.40228000E+1	2.92760200E-6	6.40230500E+1	4.91539800E-6	6.40243800E+1	1.03733600E-5	6.40227500E+1	1.95593500E-5	6.40228200E+1	3.42479000E-5	6.40230400E+1	5.53768300E-5	6.40236700E+1	8.46553200E-5	6.40222500E+1	1.23951200E-4	6.40225400E+1	1.74028600E-4
6.45224500E+1	2.91436800E-6	6.45227000E+1	4.92592700E-6	6.45081800E+1	1.03928600E-5	6.45222300E+1	1.96211900E-5	6.45224400E+1	3.42815900E-5	6.45227400E+1	5.54379900E-5	6.45232400E+1	8.47352900E-5	6.45220400E+1	1.24076900E-4	6.45220700E+1	1.74206000E-4
6.40951600E+1	5.96343500E-6	6.50255000E+1	4.95071300E-6	6.50200300E+1	1.04167500E-5	6.50251900E+1	1.96827800E-5	6.50253900E+1	3.43045000E-5	6.50258400E+1	5.54865900E-5	6.50263200E+1	8.48529800E-5	6.50248300E+1	1.24216600E-4	6.50251100E+1	1.74431100E-4
6.45340200E+1	3.75042400E-6	6.55254200E+1	4.96796800E-6	6.54968000E+1	1.04199600E-5	6.55247600E+1	1.97256100E-5	6.55252300E+1	3.43287200E-5	6.55254600E+1	5.55444900E-5	6.55260000E+1	8.49057900E-5	6.55247800E+1	1.24328400E-4	6.55249300E+1	1.74604300E-4
4.87879300E+1	4.85747600E-6	6.60249600E+1	4.99312300E-6	6.59654600E+1	1.04350000E-5	6.60246400E+1	1.97614100E-5	6.60247000E+1	3.43511400E-5	6.60251700E+1	5.55950300E-5	6.60256300E+1	8.49775300E-5	6.60244900E+1	1.24420300E-4	6.60246300E+1	1.74736400E-4
6.65247400E+1	4.23204300E-6	6.65247700E+1	5.00882000E-6	6.64576800E+1	1.04555700E-5	6.65245600E+1	1.98159400E-5	6.65245200E+1	3.43932300E-5	6.65246900E+1	5.56569300E-5	6.65255800E+1	8.50848700E-5	6.65239800E+1	1.24491200E-4	6.65239800E+1	1.74883900E-4
6.70244500E+1	5.30727900E-6	6.70241700E+1	5.04162700E-6	6.69134000E+1	1.04668400E-5	6.70239300E+1	1.98673200E-5	6.70244300E+1	3.44203400E-5	6.70247400E+1	5.56957300E-5	6.70251600E+1	8.51664800E-5	6.70238600E+1	1.24566000E-4	6.70239400E+1	1.75035300E-4
6.75244100E+1	4.85344300E-6	6.75240300E+1	5.06799000E-6	6.75234100E+1	1.02089200E-5	6.75233800E+1	1.98976500E-5	6.75237700E+1	3.44346600E-5	6.75239200E+1	5.57646500E-5	6.75245800E+1	8.52530000E-5	6.75234000E+1	1.24627000E-4	6.75235400E+1	1.75193300E-4
6.80266800E+1	5.20217200E-6	6.80265900E+1	5.10352000E-6	6.80258300E+1	1.02860300E-5	6.80261600E+1	1.99245000E-5	6.80261300E+1	3.44645300E-5	6.80267300E+1	5.58309100E-5	6.80271300E+1	8.53493200E-5	6.80254800E+1	1.24689600E-4	6.80261400E+1	1.75357200E-4
6.85203200E+1	3.21253400E-6	6.85257600E+1	5.20349300E-6	6.85253300E+1	1.03384900E-5	6.85254100E+1	1.99570900E-5	6.85255400E+1	3.44879200E-5	6.85260100E+1	5.58418700E-5	6.85264700E+1	8.54051000E-5	6.85250300E+1	1.24767400E-4	6.85254500E+1	1.75511000E-4
6.76686200E+1	1.04977700E-5	6.90251500E+1	5.29204800E-6	6.90245200E+1	1.03994300E-5	6.90245500E+1	1.99970800E-5	6.90248500E+1	3.45183000E-5	6.90252500E+1	5.58600400E-5	6.90259600E+1	8.54882300E-5	6.90244800E+1	1.24841200E-4	6.90244300E+1	1.75661300E-4
6.95245500E+1	4.94128400E-6	6.95245500E+1	5.30363200E-6	6.95235100E+1	1.04505600E-5	6.95238700E+1	2.00099200E-5	6.95240900E+1	3.45426400E-5	6.95244400E+1	5.59024500E-5	6.95249900E+1	8.55829700E-5	6.95237100E+1	1.24932000E-4	6.95235900E+1	1.75805200E-4
7.00237400E+1	3.50315400E-6	7.00239600E+1	5.53952400E-6	7.00234500E+1	1.05079500E-5	7.00233600E+1	2.00347700E-5	7.00236300E+1	3.45849900E-5	7.00241700E+1	5.59043700E-5	7.00241900E+1	8.56286400E-5	7.00229100E+1	1.25016800E-4	7.00235100E+1	1.75991200E-4
