Vds1 (V) =	1.463183E-4		Vds2 (V) =	2.155597E-1		Vds3 (V) =	2.000196E+1		Vds4 (V) =	3.002171E+1		Vds5 (V) =	4.002334E+1		Vds6 (V) =	5.002138E+1		Vds7 (V) =	6.002221E+1		Vds8 (V) =	7.002332E+1		
Vgs1 (V)	Ids1 (A)	Igs1 (A)	Vgs2 (V)	Ids2 (A)	Igs2 (A)	Vgs3 (V)	Ids3 (A)	Igs3 (A)	Vgs4 (V)	Ids4 (A)	Igs4 (A)	Vgs5 (V)	Ids5 (A)	Igs5 (A)	Vgs6 (V)	Ids6 (A)	Igs6 (A)	Vgs7 (V)	Ids7 (A)	Igs7 (A)	Vgs8 (V)	Ids8 (A)	Igs8 (A)	
-2.25433300E-5	-2.30064900E-10	-2.07719600E-9	-2.30747300E-5	4.14950300E-7	-5.03616700E-9	-2.09491300E-5	4.78811400E-7	-5.00469300E-9	-2.39857000E-5	5.82845900E-7	-5.22169300E-9	-2.13287100E-5	7.67287000E-7	-5.30644600E-9	-2.26192500E-5	1.03527900E-6	-5.42498100E-9	-2.27710700E-5	1.38315600E-6	-7.06195300E-9	-2.39097800E-5	8.87273500E-6	-1.43802900E-7
4.99972900E-1	-1.55640300E-10	-4.39927800E-11	4.99971800E-1	4.24998800E-7	-2.00399300E-9	4.99975000E-1	5.00870000E-7	-1.81320300E-9	4.99971400E-1	6.04892500E-7	-1.77203800E-9	4.99972000E-1	8.01211300E-7	-1.75654900E-9	4.99974800E-1	1.06585600E-6	-1.68217300E-9	4.99973100E-1	1.39624600E-6	-2.15623100E-9	4.99974000E-1	4.92892200E-6	-3.75214700E-9
1.00004100E+0	-2.28376400E-10	5.90136100E-11	1.00004100E+0	4.56076000E-7	-1.36645200E-9	1.00003900E+0	5.36825300E-7	-1.38031100E-9	1.00004000E+0	6.43525700E-7	-1.32009800E-9	1.00004100E+0	8.42218600E-7	-1.37917500E-9	1.00004100E+0	1.10678600E-6	-1.35009100E-9	1.00004200E+0	1.44729200E-6	-1.50202600E-9	9.99993000E-1	5.25389000E-6	-5.27361200E-9
1.50004000E+0	-1.87385800E-10	1.54134100E-10	1.50004000E+0	4.97302000E-7	-1.03296700E-9	1.50004000E+0	5.79625200E-7	-1.05940100E-9	1.50004000E+0	6.85896300E-7	-1.01380500E-9	1.50003900E+0	8.87207100E-7	-1.05625800E-9	1.50003900E+0	1.15372600E-6	-9.53516700E-10	1.50003900E+0	1.50129700E-6	-1.10757200E-9	1.50004000E+0	4.97775200E-6	-1.98513300E-9
1.99995400E+0	-1.99121600E-10	7.95006600E-11	1.99995700E+0	5.44576000E-7	-8.90425400E-10	1.99995600E+0	6.26474200E-7	-9.22084400E-10	1.99995500E+0	7.31491700E-7	-8.31537400E-10	1.99995900E+0	9.35241100E-7	-9.05270000E-10	1.99996000E+0	1.20494600E-6	-7.87418900E-10	1.99995800E+0	1.55603100E-6	-8.76147700E-10	1.99995800E+0	5.02614100E-6	-2.51557800E-9
2.49990700E+0	-2.58011100E-10	1.89424900E-10	2.49994300E+0	5.95336000E-7	-7.57918300E-10	2.49991800E+0	6.76876800E-7	-7.18041200E-10	2.49992500E+0	7.81615500E-7	-8.07868800E-10	2.49993300E+0	9.84285500E-7	-7.65605700E-10	2.49993100E+0	1.26420600E-6	-6.95584100E-10	2.49992200E+0	1.61907900E-6	-8.16314000E-10	2.49994500E+0	5.07831000E-6	-8.31689300E-10
3.00018800E+0	-3.20742200E-10	3.06127100E-10	3.00017800E+0	6.50109600E-7	-5.37552600E-10	3.00018200E+0	7.32951100E-7	-6.29576900E-10	3.00017900E+0	8.37804900E-7	-6.03862700E-10	3.00016800E+0	1.05683200E-6	-5.81519700E-10	3.00017200E+0	1.34012400E-6	-3.87322400E-10	3.00019600E+0	1.68750500E-6	-6.56047700E-10	3.00018400E+0	5.12750100E-6	-6.68658400E-10
3.50032600E+0	-1.86625900E-10	3.38653900E-10	3.50034000E+0	7.09540500E-7	-5.75649900E-10	3.50034500E+0	7.94929200E-7	-5.18617900E-10	3.50034000E+0	9.01744700E-7	-4.34016300E-10	3.50033200E+0	1.12492200E-6	-3.64070200E-10	3.50032400E+0	1.42736300E-6	-3.18360900E-10	3.50033500E+0	1.76354400E-6	-5.13391900E-10	3.50034500E+0	5.19618700E-6	-5.47322600E-10
4.00085600E+0	-2.74348100E-10	3.34034300E-10	4.00086500E+0	7.74971600E-7	-3.90389900E-10	4.00086500E+0	8.65121600E-7	-3.77059200E-10	4.00087200E+0	9.85829300E-7	-3.44529300E-10	4.00086600E+0	1.21109900E-6	-4.03720100E-10	4.00085900E+0	1.52493000E-6	-3.62858200E-10	4.00086600E+0	1.85234400E-6	-4.49921300E-10	4.00086800E+0	5.28386600E-6	-4.14248000E-10
4.50043300E+0	-3.08879900E-10	4.69631600E-10	4.50043000E+0	8.50369600E-7	-2.58602200E-10	4.50045500E+0	9.45505600E-7	-2.91246100E-10	4.50043800E+0	1.07439600E-6	-2.67047200E-10	4.50044300E+0	1.32237200E-6	-1.94261100E-10	4.50044300E+0	1.62804100E-6	-3.07264900E-10	4.50043600E+0	1.96147400E-6	-1.96646900E-10	4.50044000E+0	5.38578700E-6	-2.73409300E-10
4.99987700E+0	-2.44080200E-10	4.80612800E-10	4.99988200E+0	9.45825800E-7	-1.73546100E-10	4.99987400E+0	1.06006700E-6	-2.21603200E-10	4.99988600E+0	1.18021900E-6	-1.37910500E-10	4.99985900E+0	1.44702600E-6	-6.23975700E-11	4.99988000E+0	1.73948600E-6	-1.50331700E-10	4.99988200E+0	2.10941800E-6	-1.05190700E-10	4.99988100E+0	5.53064100E-6	-5.42177300E-11
5.49967300E+0	-2.52354100E-10	4.59294200E-10	5.49965600E+0	1.04595900E-6	-1.45181500E-10	5.49968400E+0	1.17207000E-6	-9.25043100E-11	5.49967900E+0	1.30422100E-6	-8.17113500E-11	5.49968200E+0	1.59898300E-6	2.56122400E-11	5.49967300E+0	1.87624800E-6	-1.29541200E-10	5.49967800E+0	2.27100900E-6	-7.07290500E-11	5.49968400E+0	5.72593000E-6	-6.38787600E-12
5.99993800E+0	-3.46239900E-10	5.03900100E-10	5.99995000E+0	1.16487400E-6	-6.29279000E-11	5.99998300E+0	1.30630200E-6	3.83744500E-11	5.99994500E+0	1.45252600E-6	-1.16139700E-11	5.99996000E+0	1.77013000E-6	1.45542600E-11	5.99995900E+0	2.03338300E-6	-6.85326400E-11	5.99995500E+0	2.45864500E-6	5.27650500E-11	5.99996000E+0	5.90400600E-6	-3.07761400E-11
6.50051700E+0	-2.35341800E-10	5.68044600E-10	6.50051300E+0	1.30523800E-6	1.41221900E-10	6.50053400E+0	1.46336100E-6	4.93188800E-11	6.50052500E+0	1.62690200E-6	4.31839400E-11	6.50052500E+0	1.96219100E-6	1.51445500E-10	6.50052000E+0	2.22222900E-6	1.13466200E-10	6.50052000E+0	2.71257800E-6	1.09755400E-10	6.50051700E+0	6.13992200E-6	7.69257900E-11
7.00054400E+0	-2.34497400E-10	5.49338900E-10	7.00054400E+0	1.47001900E-6	1.29180600E-10	7.00057100E+0	1.64419700E-6	4.78798300E-11	7.00055600E+0	1.82183900E-6	1.99572900E-10	7.00055400E+0	2.18397800E-6	2.37060100E-10	7.00055300E+0	2.44458500E-6	1.61404300E-10	7.00054500E+0	2.95506300E-6	4.09117600E-11	7.00055100E+0	6.38352000E-6	5.98846200E-11
7.50006400E+0	-2.85872800E-10	5.14502500E-10	7.50005100E+0	1.65612200E-6	6.47319900E-11	7.50007900E+0	1.84925000E-6	1.76588400E-10	7.50005600E+0	2.04565500E-6	1.81132400E-10	7.50005500E+0	2.42924800E-6	1.36753700E-10	7.50006100E+0	2.69283400E-6	1.52808800E-10	7.50006200E+0	3.21830900E-6	2.26684900E-10	7.50006500E+0	6.66522400E-6	1.31338900E-10
7.99960800E+0	-3.39021200E-10	5.92127100E-10	7.99960600E+0	1.86035800E-6	2.61521400E-10	7.99963000E+0	2.08250500E-6	1.58110000E-10	7.99962300E+0	2.29338500E-6	1.48908600E-10	7.99960900E+0	2.71138600E-6	2.67693300E-10	7.99962000E+0	2.96958000E-6	2.32364700E-10	7.99962000E+0	3.52912000E-6	1.66326800E-10	7.99961400E+0	6.98313500E-6	2.54970500E-10
8.49999600E+0	-1.78225100E-10	5.89249500E-10	8.50002200E+0	2.08661800E-6	2.94464500E-10	8.50003200E+0	2.33932800E-6	2.56750200E-10	8.50001500E+0	2.56911400E-6	2.47662500E-10	8.49998600E+0	3.02931500E-6	4.34492000E-10	8.49999700E+0	3.27622200E-6	2.99538600E-10	8.50000100E+0	3.88593600E-6	1.99686600E-10	8.50000600E+0	7.39158300E-6	2.49252900E-10
9.00019000E+0	-2.17189400E-10	5.91028800E-10	9.00018800E+0	2.33390400E-6	2.68602400E-10	9.00019400E+0	2.62562700E-6	3.46567800E-10	9.00019100E+0	2.87163400E-6	2.79545400E-10	9.00017000E+0	3.39044600E-6	2.53418100E-10	9.00019500E+0	3.61595000E-6	2.55690000E-10	9.00019000E+0	4.28054600E-6	2.81514500E-10	9.00019200E+0	7.84473900E-6	3.03135800E-10
9.50070600E+0	-2.65989600E-10	5.84705700E-10	9.50072300E+0	2.61614700E-6	3.96209700E-10	9.50073100E+0	2.93877400E-6	2.46526600E-10	9.50071200E+0	3.20527100E-6	2.53380300E-10	9.50072100E+0	3.77580200E-6	3.36192700E-10	9.50071100E+0	3.99291200E-6	2.79318200E-10	9.50072500E+0	4.71968400E-6	2.55084200E-10	9.50071300E+0	8.27956400E-6	2.46109900E-10
1.00003000E+1	-2.07986500E-10	6.29916600E-10	1.00003100E+1	2.91233100E-6	3.41986100E-10	1.00003200E+1	3.27177600E-6	2.80151300E-10	1.00003200E+1	3.55901600E-6	2.84203100E-10	1.00003100E+1	4.18587600E-6	4.14574600E-10	1.00002900E+1	4.39270300E-6	2.13999800E-10	1.00003100E+1	5.17661000E-6	3.82388900E-10	1.00003100E+1	8.71524200E-6	1.81548700E-10
1.04998200E+1	-1.81011400E-10	5.37827800E-10	1.04998400E+1	3.21767500E-6	2.98819100E-10	1.04998500E+1	3.63920500E-6	3.42099700E-10	1.04998500E+1	3.94885500E-6	3.79322000E-10	1.04998300E+1	4.61838600E-6	2.29297600E-10	1.04998500E+1	4.83065300E-6	3.61676200E-10	1.04998300E+1	5.70178800E-6	5.23022200E-10	1.04998300E+1	9.17178600E-6	2.66860400E-10
1.09997400E+1	-2.84226400E-10	6.01706800E-10	1.09997400E+1	3.54360100E-6	4.33053200E-10	1.09997700E+1	4.03404500E-6	3.56375100E-10	1.09997600E+1	4.36540900E-6	3.45659000E-10	1.09997400E+1	5.06242100E-6	3.53307900E-10	1.09997500E+1	5.30847500E-6	3.56450600E-10	1.09997400E+1	6.21534200E-6	1.69280400E-10	1.09997600E+1	9.67826000E-6	3.16540200E-10
1.14999700E+1	-9.81856000E-11	6.64640500E-10	1.14999700E+1	3.87548900E-6	3.07755400E-10	1.14999800E+1	4.45332500E-6	3.56677900E-10	1.14999400E+1	4.81589300E-6	3.41115200E-10	1.14999800E+1	5.55053200E-6	2.75456000E-10	1.14999800E+1	5.80989300E-6	3.25476600E-10	1.14999700E+1	6.72223500E-6	2.64399000E-10	1.14999600E+1	1.03199000E-5	2.92798400E-10
1.20004900E+1	-1.97390800E-10	6.04016900E-10	1.20004900E+1	4.21435000E-6	3.51490400E-10	1.20004900E+1	4.90617500E-6	4.02987800E-10	1.20004900E+1	5.30562300E-6	3.86970600E-10	1.20004900E+1	6.03942300E-6	2.76743300E-10	1.20004900E+1	6.35713200E-6	4.58650200E-10	1.20005000E+1	7.28950500E-6	4.16808700E-10	1.20004800E+1	1.12340900E-5	1.00274400E-9
1.25004000E+1	-1.93042500E-10	6.88192400E-10	1.25004000E+1	4.58593700E-6	4.66981000E-10	1.25004100E+1	5.38502400E-6	3.64743700E-10	1.25003800E+1	5.83181400E-6	3.75118500E-10	1.25004100E+1	6.60428600E-6	2.80340600E-10	1.25004100E+1	6.94502300E-6	3.72164900E-10	1.25003900E+1	7.90241500E-6	3.49559300E-10	1.25003900E+1	1.17998500E-5	3.23356100E-10
1.29998500E+1	-2.17611500E-10	6.58392200E-10	1.29998400E+1	4.98293700E-6	4.83755400E-10	1.29998500E+1	5.90282600E-6	4.23359500E-10	1.29998300E+1	6.38837300E-6	4.24382000E-10	1.29998500E+1	7.19737600E-6	4.28017000E-10	1.29998500E+1	7.56168200E-6	3.46719200E-10	1.29998400E+1	8.50706500E-6	2.38461000E-10	1.29998400E+1	1.24578700E-5	2.44784700E-10
1.34993300E+1	-4.65995600E-11	5.86712400E-10	1.34993500E+1	5.39519900E-6	4.41232100E-10	1.34993600E+1	6.45368800E-6	5.03596900E-10	1.34993400E+1	6.98143800E-6	4.01208000E-10	1.34993400E+1	7.81433300E-6	4.07493700E-10	1.34993500E+1	8.24022900E-6	4.27259600E-10	1.34993400E+1	9.19675300E-6	4.16240900E-10	1.34993500E+1	1.31933600E-5	3.88144500E-10
1.39998300E+1	-1.59819500E-10	6.47524700E-10	1.39998100E+1	5.81610000E-6	5.13934500E-10	1.39998100E+1	7.03797900E-6	4.45586700E-10	1.39998000E+1	7.62061500E-6	3.77163400E-10	1.39998200E+1	8.49889500E-6	4.36612500E-10	1.39998300E+1	8.95665600E-6	4.81407600E-10	1.39998100E+1	9.95045200E-6	3.42061900E-10	1.39998400E+1	1.39535600E-5	3.71521400E-10
1.44999900E+1	-1.19504400E-10	6.80581400E-10	1.45000000E+1	6.27346400E-6	4.98977400E-10	1.45000000E+1	7.67662500E-6	4.91404300E-10	1.44999900E+1	8.29371600E-6	4.75273400E-10	1.45000000E+1	9.23703100E-6	4.76901100E-10	1.45000000E+1	9.71633700E-6	3.56829600E-10	1.45000100E+1	1.11734700E-5	1.49083300E-9	1.45000200E+1	1.48012000E-5	3.23431700E-10
1.50003700E+1	-5.66465500E-11	6.47449000E-10	1.50003700E+1	6.74529500E-6	4.74478200E-10	1.50003700E+1	8.31905300E-6	4.97046100E-10	1.50003700E+1	9.01178400E-6	4.35514400E-10	1.50003900E+1	1.00578500E-5	5.02612300E-10	1.50003600E+1	1.06811500E-5	6.19314900E-10	1.50003500E+1	1.19423600E-5	3.10368000E-10	1.50003700E+1	1.59131700E-5	6.51613900E-10
1.54998100E+1	-9.34579100E-11	6.04509200E-10	1.54997900E+1	7.24019600E-6	5.95345900E-10	1.54997900E+1	8.99863400E-6	5.15487000E-10	1.54998000E+1	9.76964500E-6	4.71524800E-10	1.54997700E+1	1.12058500E-5	1.04394100E-9	1.54998000E+1	1.14654600E-5	4.22564300E-10	1.54997900E+1	1.28203900E-5	5.30178800E-10	1.54998100E+1	1.69966500E-5	4.13552400E-10
1.59991900E+1	-1.33604100E-10	6.67555900E-10	1.59992000E+1	7.74975900E-6	5.05452500E-10	1.59991700E+1	9.71738700E-6	4.59256300E-10	1.59991900E+1	1.07170800E-5	6.67744900E-10	1.59991600E+1	1.19655900E-5	3.08664200E-10	1.59991900E+1	1.23366300E-5	4.40588400E-10	1.59991800E+1	1.41856000E-5	6.84708600E-10	1.59991900E+1	1.79625200E-5	4.21011800E-10
1.64990800E+1	-8.12155900E-11	6.59528200E-10	1.64990900E+1	8.26488400E-6	4.93259600E-10	1.64990900E+1	1.05974100E-5	4.89246100E-10	1.64990800E+1	1.14869900E-5	4.58233800E-10	1.64990700E+1	1.28193900E-5	4.28850100E-10	1.64990800E+1	1.32829000E-5	4.85610700E-10	1.64990900E+1	1.52108200E-5	4.17793200E-10	1.64990900E+1	1.89519600E-5	4.01283800E-10
1.69992100E+1	-1.00592300E-10	6.97772500E-10	1.69992300E+1	8.81120100E-6	5.81941200E-10	1.69992400E+1	1.13324300E-5	4.12794900E-10	1.69992100E+1	1.23358700E-5	4.44867200E-10	1.69992000E+1	1.37354700E-5	3.92309700E-10	1.69992000E+1	1.42874100E-5	4.06054700E-10	1.69992100E+1	1.63278200E-5	4.51228800E-10	1.69992300E+1	1.99984900E-5	4.29152900E-10
1.74997400E+1	9.45245300E-11	6.79483700E-10	1.74997500E+1	9.37631600E-6	5.92316100E-10	1.74997500E+1	1.21304300E-5	5.07004800E-10	1.74997300E+1	1.32551000E-5	5.05073900E-10	1.74997300E+1	1.47314100E-5	4.32750300E-10	1.74997400E+1	1.53591900E-5	4.87844800E-10	1.74997400E+1	1.76536800E-5	4.97576300E-10	1.74997600E+1	2.13330100E-5	5.88302700E-10
1.79995900E+1	-3.50326700E-11	6.64867300E-10	1.79995800E+1	9.96038900E-6	4.78378100E-10	1.79995900E+1	1.29686800E-5	6.05682900E-10	1.79996000E+1	1.42347600E-5	5.36767500E-10	1.79996000E+1	1.57576300E-5	5.01893100E-10	1.79996100E+1	1.64769500E-5	4.66072100E-10	1.79996000E+1	1.91547500E-5	4.25593800E-10	1.79996000E+1	2.26033200E-5	5.16963800E-10
1.84990800E+1	-4.32224500E-11	7.11025700E-10	1.84990800E+1	1.04760700E-5	7.31435100E-10	1.84990700E+1	1.38647500E-5	5.04013600E-10	1.84990800E+1	1.52618900E-5	4.64179300E-10	1.84990800E+1	1.68212100E-5	4.88867200E-10	1.84990900E+1	1.76788300E-5	5.75125300E-10	1.84990800E+1	2.05198300E-5	4.35135500E-10	1.84990900E+1	2.40176000E-5	5.55965600E-10
1.89986200E+1	7.79761800E-11	7.70739900E-10	1.89986400E+1	1.13783900E-5	8.80437400E-10	1.89986500E+1	1.48172400E-5	5.40440100E-10	1.89986300E+1	1.63382900E-5	4.91442200E-10	1.89986200E+1	1.79956900E-5	5.23174300E-10	1.89986400E+1	1.89400500E-5	5.69218300E-10	1.89986400E+1	2.17045500E-5	3.73566000E-10	1.89986400E+1	2.55165100E-5	5.01324700E-10
1.94993100E+1	1.01236700E-10	6.46426700E-10	1.94993100E+1	1.19570700E-5	5.27452200E-10	1.94992900E+1	1.58090800E-5	6.06591800E-10	1.94992800E+1	1.74616100E-5	5.96216800E-10	1.94992900E+1	1.92628300E-5	5.14502200E-10	1.94993000E+1	2.02810100E-5	5.05982500E-10	1.94992900E+1	2.32003100E-5	5.20409300E-10	1.94993000E+1	2.71301400E-5	6.16853600E-10
1.99995900E+1	-1.70493300E-11	6.87889700E-10	1.99996000E+1	1.25600700E-5	4.52364700E-10	1.99995800E+1	1.68207900E-5	5.15259700E-10	1.99995800E+1	1.86384300E-5	5.17001300E-10	1.99996100E+1	2.05561000E-5	6.62027000E-10	1.99996100E+1	2.16756400E-5	4.99848300E-10	1.99995800E+1	2.46757700E-5	5.35328500E-10	1.99996000E+1	2.86496600E-5	5.26430200E-10
2.04999500E+1	1.47714800E-10	7.64189000E-10	2.04999600E+1	1.31813600E-5	5.16168300E-10	2.04999400E+1	1.78814200E-5	5.87696800E-10	2.04999500E+1	1.98825200E-5	5.38357600E-10	2.04999600E+1	2.19530800E-5	5.24271700E-10	2.04999600E+1	2.31377900E-5	5.76526400E-10	2.04999600E+1	2.63795700E-5	6.22987600E-10	2.04999600E+1	3.01782000E-5	4.02419600E-10
2.09995400E+1	8.26622100E-11	6.36619600E-10	2.09995300E+1	1.38842600E-5	6.70168400E-10	2.09995200E+1	1.89798800E-5	5.70051500E-10	2.09995400E+1	2.11879200E-5	5.79593700E-10	2.09995300E+1	2.34115000E-5	5.33435200E-10	2.09995600E+1	2.46734100E-5	5.07270100E-10	2.09995300E+1	2.80708900E-5	6.85238700E-10	2.09995400E+1	3.19064600E-5	5.38017000E-10
2.15018100E+1	5.88106000E-11	7.31208300E-10	2.15018400E+1	1.46247400E-5	5.82282000E-10	2.15017800E+1	2.01200500E-5	5.12987700E-10	2.15018000E+1	2.25653900E-5	5.34950200E-10	2.15017900E+1	2.49314400E-5	5.62288800E-10	2.15018900E+1	2.62991700E-5	5.70581700E-10	2.15019300E+1	3.01379500E-5	5.81259800E-10	2.15017000E+1	3.37472000E-5	4.27866000E-10
2.20005400E+1	2.56924300E-10	6.88457400E-10	2.20006800E+1	1.53903400E-5	5.93755500E-10	2.20003400E+1	2.13008000E-5	6.46351100E-10	2.20004200E+1	2.39979400E-5	5.36578200E-10	2.20005400E+1	2.64466700E-5	5.77889500E-10	2.20005600E+1	2.79629600E-5	5.48770400E-10	2.20005300E+1	3.22361100E-5	7.09056700E-10	2.20004200E+1	3.56018200E-5	4.65276700E-10
2.25023400E+1	5.12543100E-11	5.72172400E-10	2.25023500E+1	1.61760700E-5	6.17042800E-10	2.25023000E+1	2.25135400E-5	6.36694700E-10	2.25023000E+1	2.54939400E-5	5.80540300E-10	2.25023000E+1	2.80639400E-5	5.00794900E-10	2.25024500E+1	2.97375000E-5	5.52292300E-10	2.25023200E+1	3.40367800E-5	7.77517800E-10	2.25023800E+1	3.75115700E-5	5.31655700E-10
2.30009100E+1	2.21084200E-10	6.59262800E-10	2.30009300E+1	1.69700800E-5	5.95800000E-10	2.30008300E+1	2.37895700E-5	5.50437000E-10	2.30009000E+1	2.70519600E-5	5.61834100E-10	2.30008500E+1	2.97386700E-5	5.41841300E-10	2.30009400E+1	3.15848300E-5	5.69444900E-10	2.30008800E+1	3.64043500E-5	7.86340500E-10	2.30008200E+1	3.96024200E-5	6.16664300E-10
2.34992200E+1	2.70391200E-10	6.74144200E-10	2.34992700E+1	1.77245200E-5	5.66075500E-10	2.34991200E+1	2.51288500E-5	5.92467900E-10	2.34992300E+1	2.86467100E-5	6.03108200E-10	2.34991700E+1	3.14918300E-5	5.03066900E-10	2.34993200E+1	3.35044400E-5	4.84436900E-10	2.34993200E+1	3.84835700E-5	3.77882900E-10	2.34992300E+1	4.18268000E-5	5.25937700E-10
2.40008700E+1	1.30111800E-10	6.74182300E-10	2.40010000E+1	1.85026300E-5	6.74030600E-10	2.40009200E+1	2.64984700E-5	6.22457500E-10	2.40009900E+1	3.03109000E-5	6.29993200E-10	2.40010200E+1	3.33328900E-5	5.20712300E-10	2.40011000E+1	3.54668400E-5	5.84024100E-10	2.40010200E+1	4.04667600E-5	5.08216500E-10	2.40009500E+1	4.41296400E-5	5.15259800E-10
2.45000100E+1	2.89219300E-10	7.01067500E-10	2.45001300E+1	1.93126800E-5	5.92089300E-10	2.44999300E+1	2.79189400E-5	6.31583200E-10	2.44997500E+1	3.20161700E-5	5.50398800E-10	2.44999800E+1	3.53001900E-5	5.89211300E-10	2.45001000E+1	3.75488200E-5	6.60209800E-10	2.44999400E+1	4.26886400E-5	6.38323400E-10	2.44999200E+1	4.65949600E-5	6.69335400E-10
2.49983000E+1	3.00490700E-10	7.92550200E-10	2.49982500E+1	2.01472200E-5	5.79669600E-10	2.49982400E+1	2.93612500E-5	5.34571200E-10	2.49982100E+1	3.38040700E-5	5.93944300E-10	2.49982500E+1	3.72662600E-5	5.35214800E-10	2.49983300E+1	3.96851300E-5	5.77927500E-10	2.49982400E+1	4.51902500E-5	6.01934100E-10	2.49981400E+1	4.91200800E-5	5.86901700E-10
2.54967300E+1	2.22393100E-10	7.30867000E-10	2.54967800E+1	2.09984000E-5	6.68085300E-10	2.54968200E+1	3.08357100E-5	6.54037600E-10	2.54966900E+1	3.56538300E-5	6.50554100E-10	2.54967100E+1	3.93566300E-5	6.09772900E-10	2.54967500E+1	4.19426300E-5	7.13713800E-10	2.54966900E+1	4.81120000E-5	7.90959900E-10	2.54967300E+1	5.17225200E-5	6.09166500E-10
2.59986700E+1	2.29951200E-10	6.84330100E-10	2.59986800E+1	2.18873800E-5	5.34343800E-10	2.59987100E+1	3.23822300E-5	6.08295900E-10	2.59986000E+1	3.75704500E-5	4.62701700E-10	2.59986500E+1	4.14848500E-5	4.66488600E-10	2.59987400E+1	4.42842500E-5	5.80199300E-10	2.59986800E+1	5.10846300E-5	6.52598600E-10	2.59987300E+1	5.44696500E-5	7.65552300E-10
2.64971100E+1	4.54320700E-10	3.90757100E-10	2.64971600E+1	2.28125200E-5	1.57276900E-10	2.64970300E+1	3.39528800E-5	3.36836400E-10	2.64970900E+1	3.95717200E-5	2.50956800E-10	2.64971700E+1	4.37022900E-5	2.53607300E-10	2.64970700E+1	4.67175300E-5	1.01046300E-10	2.64970300E+1	5.39835600E-5	1.59018800E-10	2.64970800E+1	5.70268600E-5	2.15223100E-11
2.69964400E+1	2.51816600E-10	3.03514200E-10	2.69964000E+1	2.37726800E-5	2.01617700E-10	2.69964300E+1	3.55836300E-5	3.90491800E-10	2.69965000E+1	4.16154100E-5	2.95600300E-10	2.69964300E+1	4.60318300E-5	2.10516100E-10	2.69963900E+1	4.92052000E-5	2.55879200E-10	2.69964800E+1	5.68804100E-5	3.06467800E-10	2.69965300E+1	6.00465000E-5	1.81321600E-10
2.74997800E+1	3.57311500E-10	5.29421200E-10	2.74997800E+1	2.47572100E-5	4.34378000E-10	2.74996800E+1	3.72542300E-5	3.93710400E-10	2.74998100E+1	4.37478800E-5	2.54894700E-10	2.74997700E+1	4.84451600E-5	3.74209300E-10	2.74997900E+1	5.18610900E-5	3.00712100E-10	2.74997700E+1	5.95494100E-5	2.38839600E-10	2.74998700E+1	6.29814500E-5	3.99844400E-10
2.79993800E+1	5.32461000E-10	6.25107400E-10	2.79993800E+1	2.57622800E-5	5.05641800E-10	2.79992100E+1	3.89751000E-5	5.58312700E-10	2.79992500E+1	4.59341400E-5	5.05679300E-10	2.79993500E+1	5.09595500E-5	5.82395000E-10	2.79993300E+1	5.45907100E-5	5.25710500E-10	2.79992100E+1	6.24002400E-5	5.01930700E-10	2.79993500E+1	6.57670100E-5	4.39906600E-10
2.84984500E+1	2.32229000E-10	8.54422600E-10	2.84984200E+1	2.67807500E-5	6.80429700E-10	2.84984000E+1	4.07317600E-5	6.02804900E-10	2.84984800E+1	4.81925000E-5	7.80243600E-10	2.84984700E+1	5.35430200E-5	6.29765100E-10	2.84984900E+1	5.74192500E-5	5.39910100E-10	2.84985100E+1	6.58195900E-5	8.76952800E-10	2.84985500E+1	6.87539500E-5	5.51080200E-10
2.89981700E+1	5.78558900E-10	6.80845900E-10	2.89981100E+1	2.78192100E-5	7.51958000E-10	2.89980500E+1	4.25209100E-5	6.21359100E-10	2.89982000E+1	5.04985800E-5	5.59599800E-10	2.89980200E+1	5.61658100E-5	7.17121700E-10	2.89980500E+1	6.03238400E-5	7.20339900E-10	2.89980900E+1	6.92120000E-5	7.35751300E-10	2.89981300E+1	7.18721600E-5	5.12381400E-10
2.95009500E+1	5.07597000E-10	6.48774100E-10	2.95009700E+1	2.88711100E-5	8.18260500E-10	2.95009500E+1	4.43978600E-5	5.32336600E-10	2.95008900E+1	5.28883100E-5	6.40784000E-10	2.95010100E+1	5.89285200E-5	8.14701600E-10	2.95009200E+1	6.33625000E-5	7.35069600E-10	2.95009300E+1	7.27095400E-5	4.66942600E-10	2.95010500E+1	7.51254800E-5	8.54233300E-10
3.00003400E+1	4.63861300E-10	5.74405500E-10	3.00003400E+1	2.99407900E-5	6.11173300E-10	3.00001500E+1	4.63053900E-5	9.24852800E-10	3.00003800E+1	5.53565300E-5	6.18140300E-10	3.00002700E+1	6.17469600E-5	6.34763200E-10	3.00002900E+1	6.64787400E-5	6.01631200E-10	3.00004100E+1	7.56601000E-5	4.86481700E-10	3.00004000E+1	7.86716900E-5	5.96140200E-10
3.05000200E+1	4.85559900E-10	6.81906100E-10	3.05000300E+1	3.10375400E-5	6.55930300E-10	3.04999900E+1	4.82209500E-5	6.13634500E-10	3.04999300E+1	5.79113500E-5	5.87242100E-10	3.05000500E+1	6.46876200E-5	6.56649800E-10	3.04999600E+1	6.97248300E-5	5.79441600E-10	3.05000200E+1	7.94901100E-5	6.80353300E-10	3.05000400E+1	8.21753400E-5	4.51910200E-10
3.10029100E+1	6.70755800E-10	8.49879100E-10	3.10029400E+1	3.21578300E-5	6.32871100E-10	3.10028700E+1	5.02430900E-5	7.17878900E-10	3.10028400E+1	6.05365200E-5	7.10305500E-10	3.10031200E+1	6.77425100E-5	6.29803300E-10	3.10029100E+1	7.30416300E-5	6.20147500E-10	3.10029600E+1	8.51009500E-5	1.64804900E-9	3.10029900E+1	8.59794300E-5	6.68274500E-10
3.15023100E+1	4.67872400E-10	6.80770200E-10	3.15023700E+1	3.33201700E-5	6.37641700E-10	3.15023400E+1	5.23197100E-5	6.77703300E-10	3.15023500E+1	6.32492400E-5	7.03755400E-10	3.15024600E+1	7.08728900E-5	6.39345400E-10	3.15024000E+1	7.65013700E-5	6.90540100E-10	3.15023300E+1	8.94975500E-5	7.40976400E-10	3.15024400E+1	8.98568800E-5	5.62743000E-10
3.20018100E+1	6.46102900E-10	7.31737800E-10	3.20016700E+1	3.44830500E-5	6.32491700E-10	3.20016400E+1	5.44121900E-5	8.11520500E-10	3.20015800E+1	6.60004500E-5	5.81599900E-10	3.20015400E+1	7.41195800E-5	6.01441200E-10	3.20016300E+1	8.00714300E-5	5.81940800E-10	3.20016000E+1	9.34982200E-5	6.37300200E-10	3.20016900E+1	9.40217100E-5	7.16818300E-10
3.25010700E+1	8.58105800E-10	7.73352100E-10	3.25010900E+1	3.56937500E-5	7.56199300E-10	3.25010200E+1	5.65852200E-5	7.26209300E-10	3.25009200E+1	6.88523600E-5	6.75393700E-10	3.25010700E+1	7.74000300E-5	8.27083800E-10	3.25010200E+1	8.37831700E-5	5.92050900E-10	3.25010600E+1	9.76933400E-5	6.78573900E-10	3.25011400E+1	9.83336900E-5	5.04846400E-10
3.30042500E+1	4.68800900E-10	7.54154200E-10	3.30042600E+1	3.69619700E-5	6.58808700E-10	3.30042400E+1	5.88041700E-5	6.48508500E-10	3.30042700E+1	7.17639200E-5	5.73042400E-10	3.30041500E+1	8.08440500E-5	5.27489900E-10	3.30042400E+1	8.76038500E-5	5.52026900E-10	3.30042200E+1	1.02117300E-4	5.90081900E-10	3.30043200E+1	1.02729000E-4	6.68236400E-10
3.35031100E+1	8.44342600E-10	7.97056400E-10	3.35030000E+1	3.82160100E-5	7.25565400E-10	3.35030000E+1	6.10649100E-5	5.73761900E-10	3.35029500E+1	7.47597200E-5	5.98260900E-10	3.35030300E+1	8.44448200E-5	6.72553400E-10	3.35029900E+1	9.15350600E-5	6.44722100E-10	3.35031000E+1	1.09363800E-4	1.76058700E-9	3.35031200E+1	1.08501400E-4	1.10577600E-9
3.40026200E+1	8.08461000E-10	7.33820300E-10	3.40027800E+1	3.95016100E-5	8.82821500E-10	3.40027000E+1	6.33674100E-5	5.79176400E-10	3.40026600E+1	7.78384400E-5	7.79826900E-10	3.40027100E+1	8.80767800E-5	6.09696400E-10	3.40026400E+1	9.56039700E-5	8.16821900E-10	3.40027100E+1	1.12699400E-4	4.54674200E-10	3.40026800E+1	1.12227700E-4	5.32374600E-10
3.45054900E+1	5.84975800E-10	7.41090000E-10	3.45057200E+1	4.08215900E-5	7.09169600E-10	3.45055600E+1	6.57262800E-5	7.21779000E-10	3.45056300E+1	8.10124300E-5	6.94288300E-10	3.45056300E+1	9.18787500E-5	5.90119800E-10	3.45055400E+1	9.98846900E-5	6.74371200E-10	3.45055500E+1	1.17059300E-4	4.67851300E-10	3.45056500E+1	1.16609700E-4	5.58653300E-10
3.50050800E+1	9.14800000E-10	8.16670300E-10	3.50050900E+1	4.21837200E-5	6.21511200E-10	3.50050700E+1	6.81481200E-5	8.34959700E-10	3.50050200E+1	8.42273000E-5	5.85121200E-10	3.50051200E+1	9.57048700E-5	5.92429500E-10	3.50050500E+1	1.04261000E-4	6.18821900E-10	3.50049200E+1	1.21909000E-4	7.31927300E-10	3.50049200E+1	1.21468400E-4	6.15262600E-10
3.55042500E+1	7.78066300E-10	7.01256400E-10	3.55043200E+1	4.35563500E-5	8.16821700E-10	3.55042800E+1	7.06083400E-5	6.56725100E-10	3.55042700E+1	8.75320200E-5	6.75582800E-10	3.55043100E+1	9.96203700E-5	7.86832400E-10	3.55042300E+1	1.10972600E-4	1.39548600E-9	3.55042300E+1	1.27258800E-4	8.61882000E-10	3.55044400E+1	1.26662900E-4	6.61383100E-10
3.60074400E+1	7.67302900E-10	5.56797800E-10	3.60075600E+1	4.49803900E-5	7.40901500E-10	3.60073100E+1	7.31278400E-5	7.35335200E-10	3.60074800E+1	9.09428800E-5	6.43510700E-10	3.60073700E+1	1.03672900E-4	5.57441700E-10	3.60074500E+1	1.14788100E-4	5.74103000E-10	3.60074200E+1	1.32736300E-4	7.03829900E-10	3.60074700E+1	1.32003400E-4	7.99858700E-10
3.65069800E+1	9.84243200E-10	8.45296400E-10	3.65070400E+1	4.64035700E-5	6.07007500E-10	3.65069600E+1	7.57162600E-5	6.31469200E-10	3.65069000E+1	9.44255900E-5	6.95689300E-10	3.65069700E+1	1.09214100E-4	1.25413200E-9	3.65070300E+1	1.18916200E-4	5.58993900E-10	3.65068200E+1	1.38474700E-4	6.63465900E-10	3.65070600E+1	1.37733700E-4	7.50216600E-10
3.70062400E+1	9.43632900E-10	7.45142600E-10	3.70061500E+1	4.78322500E-5	6.16019700E-10	3.70061600E+1	7.83530800E-5	5.48164600E-10	3.70062600E+1	9.79736500E-5	8.59231500E-10	3.70062500E+1	1.12872700E-4	6.05644500E-10	3.70062000E+1	1.23386100E-4	5.31845200E-10	3.70062200E+1	1.43853800E-4	7.14432700E-10	3.70062700E+1	1.43430200E-4	5.15486500E-10
3.75058000E+1	8.29061200E-10	6.36808300E-10	3.75057900E+1	4.93144000E-5	6.91410800E-10	3.75058100E+1	8.10148900E-5	7.09018100E-10	3.75056500E+1	1.01603200E-4	5.81940800E-10	3.75057600E+1	1.16884700E-4	7.48398300E-10	3.75057200E+1	1.28096300E-4	5.95648200E-10	3.75057000E+1	1.49459700E-4	6.47335000E-10	3.75058700E+1	1.49203300E-4	4.62626000E-10
3.80085600E+1	1.09594500E-9	7.48512400E-10	3.80087500E+1	5.08458000E-5	6.09317500E-10	3.80087900E+1	8.37643500E-5	5.88529400E-10	3.80085900E+1	1.06037100E-4	5.89702700E-10	3.80087100E+1	1.21255400E-4	7.41506600E-10	3.80087100E+1	1.33069800E-4	6.17458900E-10	3.80086100E+1	1.55401900E-4	5.90763800E-10	3.80086600E+1	1.55204100E-4	7.54494600E-10
3.85080800E+1	1.09442200E-9	7.35713400E-10	3.85081300E+1	5.24041800E-5	6.92546700E-10	3.85080200E+1	8.65788600E-5	5.62780800E-10	3.85079100E+1	1.09549900E-4	5.72550500E-10	3.85080600E+1	1.25746500E-4	6.32605200E-10	3.85080600E+1	1.38248300E-4	7.24883500E-10	3.85081600E+1	1.61331600E-4	7.61083400E-10	3.85080800E+1	1.61287600E-4	7.61197000E-10
3.90077000E+1	8.00482500E-10	8.95392900E-10	3.90076700E+1	5.39717000E-5	6.53166600E-10	3.90077000E+1	8.94505900E-5	8.36512300E-10	3.90077000E+1	1.13252400E-4	8.11558400E-10	3.90077200E+1	1.30415000E-4	5.88112900E-10	3.90077700E+1	1.43592700E-4	6.40481200E-10	3.90076400E+1	1.67584100E-4	5.93981900E-10	3.90077500E+1	1.67601700E-4	5.94852900E-10
3.95105500E+1	1.32863100E-9	8.33067600E-10	3.95105700E+1	5.55746800E-5	6.09582600E-10	3.95105500E+1	9.23911800E-5	6.60550000E-10	3.95105200E+1	1.17194800E-4	6.31847700E-10	3.95106000E+1	1.35159500E-4	5.27982400E-10	3.95106100E+1	1.49192100E-4	6.48281200E-10	3.95104500E+1	1.74169600E-4	7.05080000E-10	3.95105700E+1	1.74276000E-4	7.21627100E-10
4.00099500E+1	1.08991000E-9	7.44536500E-10	4.00098500E+1	5.71963300E-5	8.50067800E-10	4.00098700E+1	9.53778600E-5	6.65283300E-10	4.00098100E+1	1.21272100E-4	6.01820000E-10	4.00099000E+1	1.40162000E-4	6.40291800E-10	4.00099200E+1	1.54862700E-4	6.12650000E-10	4.00099200E+1	1.80627400E-4	5.78381500E-10	4.00100200E+1	1.80819500E-4	6.43093800E-10
