Vds1 (V) =	1.412507E-4		Vds2 (V) =	4.924248E-1		Vds3 (V) =	2.000190E+1		Vds4 (V) =	3.002063E+1		Vds5 (V) =	4.002377E+1		Vds6 (V) =	5.002155E+1		Vds7 (V) =	6.002262E+1		Vds8 (V) =	7.002373E+1		
Vgs1 (V)	Ids1 (A)	Igs1 (A)	Vgs2 (V)	Ids2 (A)	Igs2 (A)	Vgs3 (V)	Ids3 (A)	Igs3 (A)	Vgs4 (V)	Ids4 (A)	Igs4 (A)	Vgs5 (V)	Ids5 (A)	Igs5 (A)	Vgs6 (V)	Ids6 (A)	Igs6 (A)	Vgs7 (V)	Ids7 (A)	Igs7 (A)	Vgs8 (V)	Ids8 (A)	Igs8 (A)	
-1.10043400E-5	-2.67340100E-10	-2.09992200E-9	-8.72691500E-6	1.42854900E-7	-7.60256900E-9	-7.28454900E-6	1.14350100E-7	-7.70739000E-9	-9.94154800E-6	1.16661400E-7	-7.62047900E-9	-8.34733900E-6	1.18616300E-7	-7.64505800E-9	-7.74002200E-6	1.26203200E-7	-7.53319200E-9	1.29209300E-4	2.06595600E-7	-4.89093900E-8	2.33895100E-4	4.14570000E-6	-2.49289900E-7
4.99985900E-1	-2.06761500E-10	-5.98986800E-11	4.99983800E-1	1.18279800E-7	-2.72898500E-9	4.99985300E-1	1.05138000E-7	-2.25079800E-9	4.99985200E-1	1.05524700E-7	-2.23292400E-9	4.99985100E-1	1.07221100E-7	-2.31813300E-9	4.99986100E-1	1.11982500E-7	-2.42333500E-9	4.99985900E-1	1.28639400E-7	-3.53288900E-9	5.00328200E-1	1.18499400E-6	-2.67499900E-8
1.00005300E+0	-2.60121300E-10	9.71462000E-11	1.00005300E+0	1.24611000E-7	-1.57220200E-9	1.00005400E+0	1.15692200E-7	-1.35013300E-9	1.00005300E+0	1.15821900E-7	-1.37270400E-9	1.00005100E+0	1.16893700E-7	-1.41803500E-9	1.00005100E+0	1.21181500E-7	-1.46847600E-9	1.00005200E+0	1.33988000E-7	-2.02691000E-9	1.00024900E+0	3.28165700E-6	-1.26454000E-7
1.50004900E+0	-2.47414500E-10	1.45690200E-10	1.50005300E+0	1.39213900E-7	-1.08939800E-9	1.50005400E+0	1.30205200E-7	-1.02043700E-9	1.50005300E+0	1.29896300E-7	-1.12757100E-9	1.50005200E+0	1.31481900E-7	-1.11530200E-9	1.50005100E+0	1.36482200E-7	-1.03626600E-9	1.50005200E+0	1.61733600E-7	-1.73262100E-9	1.50005100E+0	2.94275100E-7	-2.91071200E-7
1.99996900E+0	-1.67417100E-10	8.32872700E-11	1.99996700E+0	1.55966300E-7	-8.77401400E-10	1.99997000E+0	1.46380100E-7	-9.07167100E-10	1.99997000E+0	1.45820600E-7	-8.30631500E-10	1.99997300E+0	1.47806000E-7	-8.56460000E-10	1.99996800E+0	1.54240700E-7	-1.01933800E-9	1.99997000E+0	1.92524000E-7	-1.27874800E-9	1.99996300E+0	3.39139400E-7	-1.59492800E-8
2.50003100E+0	-3.17998100E-10	1.78898600E-10	2.50005300E+0	1.73747400E-7	-7.51521200E-10	2.50006200E+0	1.63427600E-7	-7.33305100E-10	2.50006200E+0	1.62837900E-7	-6.73016300E-10	2.50004100E+0	1.65109100E-7	-7.82725900E-10	2.50005300E+0	1.73767600E-7	-7.88899700E-10	2.50004700E+0	2.24850900E-7	-1.23413900E-9	2.50006000E+0	3.51691300E-7	-9.96809000E-9
3.00029700E+0	-3.21755200E-10	3.04954300E-10	3.00031100E+0	1.92346900E-7	-5.69100500E-10	3.00030500E+0	1.81827100E-7	-5.45999200E-10	3.00030200E+0	1.81099500E-7	-5.52134300E-10	3.00031400E+0	1.83591100E-7	-5.56451400E-10	3.00030800E+0	1.94442600E-7	-6.62222800E-10	3.00029100E+0	2.62523800E-7	-9.31934000E-10	3.00028500E+0	4.10010200E-7	-9.82452600E-9
3.50045400E+0	-2.64891600E-10	3.49332800E-10	3.50046400E+0	2.12445000E-7	-4.73402900E-10	3.50046300E+0	2.01746800E-7	-5.23012700E-10	3.50047900E+0	2.00920600E-7	-5.06160100E-10	3.50047000E+0	2.03476500E-7	-5.64782400E-10	3.50045800E+0	2.16935200E-7	-5.33199200E-10	3.50045800E+0	3.05013200E-7	-8.11242100E-10	3.50046100E+0	5.19053600E-7	-1.01540300E-8
4.00098300E+0	-3.11961300E-10	3.92916600E-10	4.00099100E+0	2.34054600E-7	-4.54316200E-10	4.00099100E+0	2.23713600E-7	-3.85354600E-10	4.00098800E+0	2.22588500E-7	-3.96753900E-10	4.00101800E+0	2.25306700E-7	-4.49128000E-10	4.00099800E+0	2.41378800E-7	-5.29942300E-10	4.00098300E+0	3.57036500E-7	-7.61744600E-10	4.00097600E+0	5.80354500E-7	-9.48316400E-9
4.50055400E+0	-3.52150000E-10	5.56685900E-10	4.50056600E+0	2.57726300E-7	-2.84127900E-10	4.50058600E+0	2.48270500E-7	-2.47810000E-10	4.50057500E+0	2.46907600E-7	-3.94594900E-10	4.50058200E+0	2.49589700E-7	-3.58618100E-10	4.50055600E+0	2.67979000E-7	-3.09273400E-10	4.50056000E+0	4.13577200E-7	-6.51771000E-10	4.50056200E+0	6.94594600E-7	-8.95082200E-9
4.99999100E+0	-3.77987900E-10	5.32642000E-10	4.99999000E+0	2.84735100E-7	-1.87445300E-10	5.00000000E+0	2.77085500E-7	-2.04335500E-10	5.00001900E+0	2.74760500E-7	-1.45977500E-10	5.00000100E+0	2.77611200E-7	-1.55369300E-10	5.00000100E+0	2.97120000E-7	-3.65548400E-10	5.00001800E+0	4.79548400E-7	-5.58686000E-10	5.00000000E+0	8.22496000E-7	-9.73934900E-9
5.49978600E+0	-3.21713000E-10	5.27378300E-10	5.49980100E+0	3.16277900E-7	-1.62450900E-10	5.49981100E+0	3.10288200E-7	-1.78280700E-10	5.49980600E+0	3.07888200E-7	-1.92292700E-10	5.49981100E+0	3.11380200E-7	-2.05471600E-10	5.49980300E+0	3.30479300E-7	-2.65647100E-10	5.49980600E+0	5.59739900E-7	-7.07364200E-10	5.49979600E+0	1.02337700E-6	-1.24572100E-8
6.00007900E+0	-4.29115100E-10	5.99247700E-10	6.00006900E+0	3.54101100E-7	2.55363500E-11	6.00008400E+0	3.49918300E-7	-1.50982900E-11	6.00007200E+0	3.48589700E-7	1.16380400E-11	6.00008200E+0	3.51547700E-7	5.05306600E-11	6.00007600E+0	3.68410800E-7	-1.41698100E-10	6.00007400E+0	6.33735200E-7	-5.87846500E-10	6.00006400E+0	1.24695000E-6	-9.95055000E-9
6.50063700E+0	1.24607300E-11	7.11292700E-10	6.50062400E+0	4.00402500E-7	1.33535300E-10	6.50064500E+0	3.97182200E-7	8.12803900E-11	6.50066800E+0	3.97552500E-7	8.02958700E-11	6.50063000E+0	3.99906100E-7	5.42040500E-11	6.50064800E+0	4.15354900E-7	2.78464500E-11	6.50063200E+0	7.19565600E-7	-5.84967700E-10	6.50063200E+0	1.38139400E-6	-1.31777000E-8
7.00065100E+0	-6.55408400E-10	9.29248300E-10	7.00067900E+0	4.54593600E-7	1.60798700E-10	7.00068500E+0	4.52419400E-7	2.45138600E-11	7.00068000E+0	4.54306900E-7	1.81738600E-10	7.00068100E+0	4.56713600E-7	1.10740000E-10	7.00068400E+0	4.70318300E-7	-2.49444800E-11	7.00065700E+0	8.13075600E-7	-4.13984200E-10	7.00068100E+0	1.58527500E-6	-1.42562700E-8
7.50015700E+0	-3.69924100E-10	5.93871000E-10	7.50019500E+0	5.15325300E-7	2.54781800E-10	7.50021000E+0	5.18006300E-7	2.64021100E-10	7.50019800E+0	5.21023700E-7	1.36602400E-10	7.50017600E+0	5.23367200E-7	2.22065700E-10	7.50019200E+0	5.34704600E-7	1.56822800E-10	7.50018600E+0	9.16516000E-7	-5.42780200E-10	7.50017600E+0	1.76217600E-6	-1.41035100E-8
7.99973400E+0	-4.29748400E-10	7.12959000E-10	7.99973800E+0	5.84593600E-7	3.24341500E-10	7.99972500E+0	5.95200200E-7	3.08096900E-10	7.99974800E+0	5.97388900E-7	2.62885000E-10	7.99973500E+0	6.01147700E-7	4.01739300E-10	7.99974600E+0	6.10109600E-7	1.62919300E-10	7.99972900E+0	1.04364600E-6	-3.07834300E-10	7.99972300E+0	1.97557000E-6	-1.40088200E-8
8.50011300E+0	-2.88954200E-10	6.44156800E-10	8.50012700E+0	6.61702400E-7	3.19570300E-10	8.50013400E+0	6.81215400E-7	2.88558200E-10	8.50013700E+0	6.84153700E-7	2.24451300E-10	8.50013400E+0	6.89091400E-7	3.15973000E-10	8.50013100E+0	6.92924200E-7	1.88705800E-10	8.50013400E+0	1.14442400E-6	-1.86309100E-10	8.50011300E+0	2.12082600E-6	-1.47335800E-8
9.00028700E+0	-4.99958500E-10	6.89520000E-10	9.00030700E+0	7.46792900E-7	4.43884200E-10	9.00031600E+0	7.75965400E-7	3.71030100E-10	9.00032100E+0	7.80575000E-7	3.34754500E-10	9.00033000E+0	7.87089600E-7	3.21426000E-10	9.00030800E+0	7.87910500E-7	3.23584000E-10	9.00032100E+0	1.24921600E-6	-2.78333300E-10	9.00031000E+0	2.28319000E-6	-1.25000400E-8
9.50083500E+0	-3.67982000E-10	5.71340800E-10	9.50083900E+0	8.40644500E-7	4.18665400E-10	9.50084400E+0	8.78703000E-7	3.81821900E-10	9.50084800E+0	8.86384000E-7	3.79549900E-10	9.50084700E+0	9.20294000E-7	3.66675300E-10	9.50084800E+0	8.95894000E-7	2.84923000E-10	9.50084200E+0	1.37244000E-6	-3.41538900E-10	9.50084100E+0	2.33431400E-6	-1.01153300E-8
1.00004200E+1	-2.88067800E-10	6.33440700E-10	1.00004200E+1	9.37914200E-7	4.26352200E-10	1.00004100E+1	1.01994300E-6	3.74097400E-10	1.00004200E+1	1.03161600E-6	3.70916400E-10	1.00004200E+1	1.03234900E-6	2.87043500E-10	1.00004300E+1	1.00266800E-6	3.76028300E-10	1.00004400E+1	1.50617900E-6	-3.27185800E-10	1.00004100E+1	2.52857500E-6	-8.41491400E-9
1.04999400E+1	-3.99097400E-10	7.33633800E-10	1.04999500E+1	1.02780500E-6	6.46239100E-10	1.04999500E+1	1.13588100E-6	4.00300400E-10	1.04999700E+1	1.15013700E-6	3.06317300E-10	1.04999700E+1	1.15708300E-6	3.08854200E-10	1.04999600E+1	1.19517900E-6	1.02440700E-9	1.04999600E+1	1.65254000E-6	-4.10121900E-10	1.04999600E+1	2.81349800E-6	-9.70163000E-9
1.09998500E+1	-2.67635600E-10	7.26665800E-10	1.09998700E+1	1.21579400E-6	9.77906600E-10	1.09998700E+1	1.26642300E-6	4.51229800E-10	1.09998600E+1	1.28195700E-6	4.08933900E-10	1.09998700E+1	1.29420300E-6	4.37787200E-10	1.09998500E+1	1.32011800E-6	3.47326200E-10	1.09998700E+1	1.81502300E-6	-1.81007300E-10	1.09998600E+1	3.01700300E-6	-8.25556000E-9
1.15000600E+1	-3.51094600E-10	6.54001900E-10	1.15000900E+1	1.32686900E-6	4.29381600E-10	1.15000800E+1	1.41113600E-6	4.78682900E-10	1.15000900E+1	1.42818900E-6	4.95457400E-10	1.15000900E+1	1.44584900E-6	4.03557100E-10	1.15001000E+1	1.46232200E-6	3.67205400E-10	1.15000800E+1	2.00050300E-6	-3.26125600E-10	1.15000900E+1	3.23188600E-6	-7.90117300E-9
1.20006000E+1	-3.64266800E-10	6.69034900E-10	1.20006100E+1	1.45106300E-6	3.96362400E-10	1.20006300E+1	1.56697800E-6	4.18817100E-10	1.20006200E+1	1.58908800E-6	4.26124700E-10	1.20006300E+1	1.60754700E-6	4.67777400E-10	1.20006000E+1	1.62025400E-6	3.68871700E-10	1.20006000E+1	2.17831700E-6	-1.32760900E-10	1.20005900E+1	3.56912500E-6	-7.68425200E-9
1.25005000E+1	-3.44593500E-10	7.81761300E-10	1.25005100E+1	1.58585900E-6	4.98751700E-10	1.25005000E+1	1.73793400E-6	5.53202800E-10	1.25005400E+1	1.76411700E-6	5.41881000E-10	1.25005100E+1	1.78793800E-6	4.91065000E-10	1.25005200E+1	1.79386800E-6	4.06018100E-10	1.25005400E+1	2.36957100E-6	-1.50976300E-10	1.25005100E+1	3.82533500E-6	-7.28793800E-9
1.29999600E+1	-2.33230500E-10	6.94026000E-10	1.29999600E+1	1.73244300E-6	5.36049700E-10	1.29999600E+1	1.92319100E-6	4.68231600E-10	1.29999800E+1	1.95281500E-6	4.95116700E-10	1.29999800E+1	1.98097000E-6	5.81450800E-10	1.29999700E+1	1.98286900E-6	3.80117900E-10	1.29999800E+1	2.56691300E-6	-3.29729900E-11	1.29999600E+1	3.98273400E-6	-5.92351700E-9
1.34994500E+1	-4.14802800E-10	7.02432300E-10	1.34994600E+1	1.88905200E-6	4.61529400E-10	1.34994600E+1	2.11975200E-6	4.94018500E-10	1.34994600E+1	2.15676100E-6	4.80386900E-10	1.34994700E+1	2.18798600E-6	5.12004700E-10	1.34994700E+1	2.18878500E-6	3.81518800E-10	1.34994700E+1	2.77141200E-6	-1.57111300E-10	1.34994700E+1	4.23215200E-6	-4.89863700E-9
1.39999200E+1	-2.75360900E-10	8.00277700E-10	1.39999400E+1	2.05358500E-6	5.77323400E-10	1.39999200E+1	2.32932200E-6	5.07726000E-10	1.39999400E+1	2.37868600E-6	4.94511000E-10	1.39999300E+1	2.40970300E-6	5.89136800E-10	1.39999300E+1	2.41275600E-6	5.36466000E-10	1.39999400E+1	3.00251300E-6	-8.66029500E-12	1.39999400E+1	4.59088600E-6	-4.93075200E-9
1.45001300E+1	-2.72870300E-10	7.23636700E-10	1.45001200E+1	2.23064700E-6	5.93151300E-10	1.45001200E+1	2.55093400E-6	4.61378000E-10	1.45001300E+1	2.61851700E-6	4.97994500E-10	1.45001200E+1	2.64875600E-6	5.60322000E-10	1.45001400E+1	2.64817300E-6	5.16624200E-10	1.45001200E+1	3.24972100E-6	-7.88336100E-11	1.45001400E+1	4.98372000E-6	-4.87395000E-9
1.50004800E+1	-2.98494700E-10	7.50294500E-10	1.50004900E+1	2.41617300E-6	5.46500500E-10	1.50004800E+1	2.78670700E-6	4.94699900E-10	1.50004800E+1	2.87369700E-6	3.80799400E-10	1.50004900E+1	2.90467800E-6	4.90231700E-10	1.50004800E+1	2.90443200E-6	4.95457300E-10	1.50004700E+1	3.50829400E-6	-7.77354300E-11	1.50004700E+1	5.40608300E-6	-5.10260500E-9
1.54999200E+1	-3.24077000E-10	8.20233200E-10	1.54999200E+1	2.60975000E-6	6.29881100E-10	1.54999100E+1	3.03845900E-6	5.74104700E-10	1.54999100E+1	3.14215600E-6	5.35935200E-10	1.54999100E+1	3.17798000E-6	6.04662300E-10	1.54999100E+1	3.18075400E-6	5.27302600E-10	1.54999200E+1	3.78020400E-6	2.79222000E-11	1.54999100E+1	5.85847700E-6	-5.11767700E-9
1.59992500E+1	-2.25420600E-10	7.56884400E-10	1.59992900E+1	2.81243500E-6	6.62975900E-10	1.59993000E+1	3.30509100E-6	5.81110300E-10	1.59993000E+1	3.42540900E-6	5.64600100E-10	1.59992900E+1	3.46803100E-6	4.88982000E-10	1.59993000E+1	3.47123000E-6	5.84025500E-10	1.59993000E+1	4.05015500E-6	-1.75598100E-11	1.59993300E+1	6.33212200E-6	-5.10522200E-9
1.64992100E+1	-3.23063900E-10	7.03606200E-10	1.64992200E+1	3.02373800E-6	5.67440400E-10	1.64992200E+1	3.58714000E-6	7.19055300E-10	1.64992000E+1	3.72531500E-6	5.60208000E-10	1.64992100E+1	3.77434000E-6	5.15374700E-10	1.64992000E+1	3.78317200E-6	4.90156200E-10	1.64992000E+1	4.32492100E-6	1.11308000E-10	1.64992000E+1	6.79387100E-6	-4.98706900E-9
1.69993300E+1	-2.78611500E-10	8.27692500E-10	1.69993400E+1	3.24881600E-6	6.50405000E-10	1.69993400E+1	3.88881300E-6	7.20380400E-10	1.69993400E+1	4.04453000E-6	6.66914000E-10	1.69993400E+1	4.09842500E-6	5.27264600E-10	1.69993400E+1	4.11140900E-6	5.61305800E-10	1.69993500E+1	4.59914200E-6	1.77649000E-10	1.69993400E+1	7.25306600E-6	-4.96328100E-9
1.74998300E+1	1.01661300E-10	7.24470000E-10	1.74998300E+1	3.48268800E-6	6.26208100E-10	1.74998500E+1	4.20342900E-6	5.97998800E-10	1.74998700E+1	4.37981300E-6	5.54263000E-10	1.74998800E+1	4.44218400E-6	4.06472200E-10	1.74998700E+1	4.45680100E-6	5.65130300E-10	1.74998600E+1	4.89547800E-6	1.27438900E-10	1.74998400E+1	7.73561900E-6	-4.78184600E-9
1.79997000E+1	-3.03687200E-10	7.67636800E-10	1.79997100E+1	3.72534200E-6	6.32911200E-10	1.79997200E+1	4.53174700E-6	6.32001900E-10	1.79997200E+1	4.72976900E-6	5.76679800E-10	1.79997200E+1	4.80654500E-6	5.72893100E-10	1.79997100E+1	4.82640800E-6	4.81106200E-10	1.79997200E+1	5.21731000E-6	1.17783100E-10	1.79997200E+1	8.16826700E-6	-4.03338300E-9
1.84991700E+1	-2.41040200E-10	8.01413700E-10	1.84992000E+1	3.97417300E-6	6.92360000E-10	1.84992000E+1	4.87517900E-6	6.15113900E-10	1.84992100E+1	5.10050700E-6	7.03909400E-10	1.84992100E+1	5.18866600E-6	5.46879200E-10	1.84992200E+1	5.22010200E-6	5.62290300E-10	1.84992000E+1	5.55344600E-6	1.90902100E-10	1.84991900E+1	8.67222300E-6	-3.71141200E-9
1.89987400E+1	-2.22592200E-10	8.07737000E-10	1.89987400E+1	4.23074200E-6	6.65020400E-10	1.89987500E+1	5.22973100E-6	5.34118200E-10	1.89987400E+1	5.49107600E-6	5.89895000E-10	1.89987400E+1	5.59203600E-6	6.22156500E-10	1.89987700E+1	5.63535400E-6	5.93378300E-10	1.89987500E+1	5.90774400E-6	2.46943600E-10	1.89987600E+1	9.20736800E-6	-3.47472200E-9
1.94994200E+1	-2.52522600E-10	7.76762900E-10	1.94994200E+1	4.50144700E-6	6.44118800E-10	1.94994000E+1	5.59992600E-6	6.28631700E-10	1.94994200E+1	5.90301500E-6	6.87247900E-10	1.94994200E+1	6.02052300E-6	6.83726200E-10	1.94994000E+1	6.07221400E-6	5.89554000E-10	1.94994200E+1	6.29039200E-6	3.25969600E-10	1.94994000E+1	9.74460700E-6	-3.06550200E-9
1.99997200E+1	-2.61050100E-10	8.55372400E-10	1.99997100E+1	4.78089900E-6	7.36511300E-10	1.99997300E+1	5.99004900E-6	6.04927400E-10	1.99997100E+1	6.33690900E-6	6.38817200E-10	1.99997300E+1	6.47232800E-6	7.20418700E-10	1.99997200E+1	6.52423300E-6	6.05571100E-10	1.99997000E+1	6.70659200E-6	2.65535600E-10	1.99997300E+1	1.04458500E-5	-3.44011000E-9
2.05000700E+1	-1.21360800E-10	7.79830000E-10	2.05000700E+1	5.07051100E-6	6.56842100E-10	2.05000700E+1	6.39674900E-6	5.85275200E-10	2.05000700E+1	6.78828400E-6	5.65016800E-10	2.05000400E+1	6.94801700E-6	6.59076100E-10	2.05000700E+1	7.00930000E-6	6.54910200E-10	2.05000900E+1	7.14994400E-6	4.38204000E-10	2.05000700E+1	1.09060700E-5	-2.63351500E-9
2.09996400E+1	-2.84395000E-10	7.80928100E-10	2.09996700E+1	5.37406200E-6	6.60779800E-10	2.09996500E+1	6.82541000E-6	7.07619800E-10	2.09996500E+1	7.26219800E-6	5.86562500E-10	2.09996500E+1	7.45084000E-6	6.65210000E-10	2.09996600E+1	7.50963200E-6	5.93946700E-10	2.09996700E+1	7.61952300E-6	4.59409100E-10	2.09996500E+1	1.14816800E-5	-2.22928900E-9
2.15031000E+1	-1.80883800E-10	8.72677100E-10	2.15030300E+1	5.68892400E-6	7.70287700E-10	2.15031100E+1	7.27341000E-6	5.85881100E-10	2.15030400E+1	7.76268900E-6	5.94742000E-10	2.15032000E+1	7.98453200E-6	6.35371400E-10	2.15030700E+1	8.05076400E-6	6.74941500E-10	2.15030100E+1	8.12929600E-6	4.62514000E-10	2.15029800E+1	1.21384700E-5	-2.11601900E-9
2.20016900E+1	-1.50277900E-10	7.47114000E-10	2.20016500E+1	6.01209900E-6	6.74866400E-10	2.20016300E+1	7.73037900E-6	6.59227300E-10	2.20017200E+1	8.28350700E-6	6.65513500E-10	2.20017200E+1	8.52941100E-6	5.27681100E-10	2.20016900E+1	8.60850400E-6	7.03908800E-10	2.20016700E+1	8.65564700E-6	4.66565600E-10	2.20016700E+1	1.28818200E-5	-2.04281500E-9
2.25036000E+1	-2.80131300E-10	8.17961000E-10	2.25036100E+1	6.33714200E-6	7.06900500E-10	2.25036000E+1	8.20464100E-6	7.03189200E-10	2.25036300E+1	8.81959900E-6	6.52752500E-10	2.25037300E+1	9.10237000E-6	6.63506000E-10	2.25036000E+1	9.19393700E-6	6.47526400E-10	2.25035300E+1	9.22262200E-6	5.67175100E-10	2.25035500E+1	1.36526900E-5	-2.06220400E-9
2.30022500E+1	-6.67765000E-11	7.71839500E-10	2.30021400E+1	6.67445100E-6	7.46432400E-10	2.30022400E+1	8.70309900E-6	6.52373800E-10	2.30021900E+1	9.39096600E-6	7.27461000E-10	2.30022600E+1	9.69691000E-6	5.98414800E-10	2.30021200E+1	9.79805100E-6	5.88948100E-10	2.30021600E+1	9.81930200E-6	4.79780700E-10	2.30021100E+1	1.43988800E-5	-1.91432200E-9
2.35004900E+1	-2.00640400E-10	7.34655800E-10	2.35005000E+1	7.01985700E-6	7.02128900E-10	2.35005800E+1	9.22077900E-6	7.31740200E-10	2.35005500E+1	9.98135400E-6	6.38968800E-10	2.35006200E+1	1.03201600E-5	5.86411200E-10	2.35004800E+1	1.05525000E-5	7.27461300E-10	2.35005000E+1	1.05836300E-5	6.71987900E-10	2.35004600E+1	1.51861000E-5	-1.72701700E-9
2.40021600E+1	-1.82023500E-10	8.11258300E-10	2.40022500E+1	7.37676900E-6	7.42115700E-10	2.40022500E+1	9.74548700E-6	7.57716300E-10	2.40022800E+1	1.07335200E-5	7.86078100E-10	2.40023100E+1	1.12274800E-5	1.36872000E-9	2.40021400E+1	1.11662800E-5	6.09849900E-10	2.40022300E+1	1.11917000E-5	5.33929000E-10	2.40022500E+1	1.59907700E-5	-1.52547400E-9
2.45010200E+1	-1.59269800E-10	8.31516200E-10	2.45012100E+1	7.74560200E-6	7.70894400E-10	2.45012500E+1	1.02980300E-5	6.80015300E-10	2.45012000E+1	1.13042300E-5	5.96256200E-10	2.45011900E+1	1.18074300E-5	5.44910000E-10	2.45011300E+1	1.18262600E-5	5.95726300E-10	2.45012800E+1	1.18355200E-5	5.45326600E-10	2.45011800E+1	1.68701900E-5	-1.53478700E-9
2.49994300E+1	-6.70722100E-11	7.78353900E-10	2.49994000E+1	8.12329600E-6	6.88194500E-10	2.49993700E+1	1.10360900E-5	1.40083000E-9	2.49994000E+1	1.19161100E-5	7.18259800E-10	2.49995100E+1	1.24394800E-5	5.74369900E-10	2.49993600E+1	1.25220300E-5	5.46954900E-10	2.49994500E+1	1.25353800E-5	5.63047700E-10	2.49995300E+1	1.77667100E-5	-1.33237100E-9
2.54980000E+1	-2.08872400E-10	8.15309900E-10	2.54978700E+1	8.50624100E-6	6.90580200E-10	2.54978200E+1	1.15587900E-5	6.37264900E-10	2.54980500E+1	1.25787000E-5	6.33364600E-10	2.54979800E+1	1.31218500E-5	5.14655400E-10	2.54980400E+1	1.32577200E-5	6.39802300E-10	2.54981500E+1	1.32685900E-5	4.65354200E-10	2.54979200E+1	1.87065100E-5	-1.35782200E-9
2.59999400E+1	-5.66451600E-11	7.33520100E-10	2.59998800E+1	8.90978500E-6	7.99065900E-10	2.60000300E+1	1.21298800E-5	5.42410900E-10	2.59999800E+1	1.32757000E-5	5.59602000E-10	2.59997700E+1	1.38526000E-5	5.63691500E-10	2.59998600E+1	1.40308100E-5	6.29539900E-10	2.59999400E+1	1.40319500E-5	4.80613600E-10	2.59998400E+1	1.96922800E-5	-1.29257100E-9
2.64983500E+1	-1.04897000E-10	3.95604700E-10	2.64983800E+1	9.32312700E-6	2.71253500E-10	2.64983100E+1	1.27278500E-5	1.71287500E-10	2.64982200E+1	1.40143000E-5	3.18017700E-10	2.64983900E+1	1.46221400E-5	1.68523400E-10	2.64982100E+1	1.48416300E-5	1.78179100E-10	2.64983300E+1	1.48532300E-5	1.46371800E-10	2.64983800E+1	2.07132200E-5	-1.61613300E-9
2.69977800E+1	-1.42848100E-10	3.47439600E-10	2.69976900E+1	9.74592100E-6	3.56981600E-10	2.69977500E+1	1.33595900E-5	3.29150200E-10	2.69978200E+1	1.47800700E-5	3.66675300E-10	2.69978700E+1	1.54237200E-5	1.45122200E-10	2.69976200E+1	1.56726600E-5	3.17790600E-10	2.69977300E+1	1.57050200E-5	1.38950000E-10	2.69977100E+1	2.17085100E-5	-1.55902400E-9
2.75010400E+1	9.37916400E-12	5.40631200E-10	2.75010900E+1	1.01817100E-5	6.75206400E-10	2.75011400E+1	1.40318700E-5	4.35969800E-10	2.75009300E+1	1.55596300E-5	3.59632000E-10	2.75010400E+1	1.62745100E-5	4.28585400E-10	2.75008400E+1	1.65574100E-5	5.45780400E-10	2.75009400E+1	1.66118300E-5	3.87615000E-10	2.75009000E+1	2.28446000E-5	-1.33998500E-9
2.80005100E+1	-1.32378800E-10	6.56803300E-10	2.80005800E+1	1.06973000E-5	7.12238900E-10	2.80005900E+1	1.47247200E-5	6.42906700E-10	2.80005500E+1	1.63747400E-5	6.04131900E-10	2.80006500E+1	1.71507200E-5	6.40445600E-10	2.80005600E+1	1.74756300E-5	5.69788300E-10	2.80005600E+1	1.75478100E-5	6.56879000E-10	2.80005200E+1	2.39530400E-5	-9.60486900E-10
2.84996800E+1	-3.64663300E-11	9.35003500E-10	2.84997700E+1	1.11093000E-5	6.63694900E-10	2.84997800E+1	1.54373700E-5	8.96721500E-10	2.84997300E+1	1.72211100E-5	8.12091300E-10	2.84998400E+1	1.80597000E-5	6.77137000E-10	2.84998000E+1	1.84326800E-5	7.56163900E-10	2.84997300E+1	1.85246400E-5	8.03344100E-10	2.84997300E+1	2.50088100E-5	-7.63675600E-10
2.89992900E+1	1.90889200E-11	9.96839300E-10	2.89992800E+1	1.15495200E-5	7.88311100E-10	2.89992500E+1	1.61660600E-5	8.55712700E-10	2.89992600E+1	1.80737400E-5	6.29918100E-10	2.89993700E+1	1.89967200E-5	7.60631200E-10	2.89993100E+1	1.94170900E-5	7.02280100E-10	2.89993600E+1	1.95265900E-5	6.46996000E-10	2.89993100E+1	2.62238900E-5	-8.45324600E-10
2.95020300E+1	-1.02659400E-10	7.66008100E-10	2.95021900E+1	1.20057300E-5	8.28487300E-10	2.95021200E+1	1.69303200E-5	6.14582700E-10	2.95021200E+1	1.89836400E-5	7.41357600E-10	2.95021600E+1	1.99806000E-5	8.68814500E-10	2.95020900E+1	2.04396600E-5	6.07728700E-10	2.95021600E+1	2.05699600E-5	6.60021600E-10	2.95021400E+1	2.73998100E-5	-6.05265100E-10
3.00015100E+1	2.98109900E-11	8.33902000E-10	3.00017300E+1	1.24790700E-5	7.27119800E-10	3.00015700E+1	1.77019200E-5	6.34841100E-10	3.00016100E+1	1.99277100E-5	8.30418200E-10	3.00016000E+1	2.09894900E-5	7.04855000E-10	3.00016200E+1	2.14921100E-5	6.08259000E-10	3.00015700E+1	2.16485500E-5	5.43547100E-10	3.00015400E+1	2.86620300E-5	-5.24564500E-10
3.05012400E+1	-3.27935500E-11	8.20421600E-10	3.05011900E+1	1.29663100E-5	7.27196100E-10	3.05012800E+1	1.84995400E-5	9.35950200E-10	3.05012600E+1	2.08849300E-5	6.34349100E-10	3.05011400E+1	2.20456600E-5	7.93726400E-10	3.05012800E+1	2.25908200E-5	8.12091100E-10	3.05012300E+1	2.27657500E-5	7.18638800E-10	3.05012000E+1	2.99329800E-5	-4.71129500E-10
3.10041300E+1	-3.41146600E-12	7.45182200E-10	3.10042300E+1	1.34738700E-5	7.70021900E-10	3.10042700E+1	1.93235800E-5	8.07584900E-10	3.10041900E+1	2.18682200E-5	6.39725800E-10	3.10041100E+1	2.31417300E-5	6.94025400E-10	3.10042700E+1	2.37334800E-5	6.47791100E-10	3.10040800E+1	2.39366400E-5	7.17577600E-10	3.10041200E+1	3.13093300E-5	-4.09363700E-10
3.15036800E+1	3.43706700E-11	8.36098500E-10	3.15035600E+1	1.39913000E-5	7.25416100E-10	3.15036200E+1	2.01626900E-5	7.27119700E-10	3.15036700E+1	2.28878100E-5	7.64380200E-10	3.15036000E+1	2.42519300E-5	7.20191300E-10	3.15037500E+1	2.49291200E-5	7.15306100E-10	3.15034600E+1	2.51396000E-5	5.41426100E-10	3.15034900E+1	3.27481500E-5	-3.91337600E-10
3.20029200E+1	5.77577700E-11	7.56504000E-10	3.20028800E+1	1.45216600E-5	8.78887600E-10	3.20029900E+1	2.10216300E-5	8.38294400E-10	3.20029300E+1	2.39491000E-5	6.46390600E-10	3.20028800E+1	2.53574100E-5	8.40528400E-10	3.20028700E+1	2.61521900E-5	7.53323200E-10	3.20027200E+1	2.63787200E-5	6.47147700E-10	3.20029000E+1	3.41554700E-5	-2.67540100E-10
3.25022600E+1	-2.44082500E-12	7.91113500E-10	3.25023300E+1	1.50633900E-5	8.65671300E-10	3.25024100E+1	2.19226500E-5	8.57151500E-10	3.25022800E+1	2.50406100E-5	7.95392000E-10	3.25024700E+1	2.65328900E-5	7.25491800E-10	3.25023200E+1	2.74091300E-5	5.64713300E-10	3.25022300E+1	2.76629700E-5	7.46128600E-10	3.25022300E+1	3.56066200E-5	-6.48216200E-11
3.30055100E+1	1.39190400E-10	9.33602900E-10	3.30055500E+1	1.56240200E-5	7.35677900E-10	3.30055900E+1	2.28542200E-5	6.92397100E-10	3.30055100E+1	2.61343400E-5	8.52001600E-10	3.30054400E+1	2.77714400E-5	7.02734600E-10	3.30055500E+1	2.87119800E-5	6.02958000E-10	3.30054200E+1	2.89942000E-5	6.42338400E-10	3.30053900E+1	3.71173200E-5	-1.11894100E-10
3.35043600E+1	5.38316600E-11	8.61884700E-10	3.35043400E+1	1.61908100E-5	7.54308000E-10	3.35043700E+1	2.37799000E-5	7.18108600E-10	3.35042500E+1	2.72670300E-5	5.86296800E-10	3.35042000E+1	2.90292900E-5	8.02207800E-10	3.35042700E+1	3.00522200E-5	8.14968700E-10	3.35042800E+1	3.03736900E-5	7.15381500E-10	3.35042000E+1	3.86545200E-5	-1.98730300E-10
3.40039000E+1	6.25701400E-11	8.30910200E-10	3.40039400E+1	1.67710600E-5	7.64114500E-10	3.40038900E+1	2.47345700E-5	7.22765500E-10	3.40038200E+1	2.84686900E-5	8.67337400E-10	3.40038900E+1	3.03157300E-5	9.53595100E-10	3.40038200E+1	3.14183800E-5	6.69109500E-10	3.40039900E+1	3.17865300E-5	6.93873800E-10	3.40038100E+1	4.01933200E-5	-1.82559700E-10
3.45068000E+1	1.97911600E-10	8.17354200E-10	3.45068400E+1	1.73565900E-5	7.53740200E-10	3.45068800E+1	2.57232700E-5	7.17502200E-10	3.45067900E+1	2.97059600E-5	8.33447400E-10	3.45067900E+1	3.16650700E-5	7.88122200E-10	3.45068500E+1	3.28521500E-5	6.50176300E-10	3.45067900E+1	3.32213200E-5	7.32648900E-10	3.45068400E+1	4.17531100E-5	-2.74437700E-11
3.50061400E+1	3.00831600E-10	6.58696800E-10	3.50063200E+1	1.79551800E-5	6.99705300E-10	3.50061800E+1	2.67329000E-5	9.79610300E-10	3.50062800E+1	3.09740000E-5	7.03680900E-10	3.50062000E+1	3.30421800E-5	7.25605300E-10	3.50063100E+1	3.43201500E-5	7.56201000E-10	3.50061500E+1	3.47166300E-5	7.36131900E-10	3.50062700E+1	4.33656000E-5	-4.25918500E-11
3.55054400E+1	2.15093200E-10	9.56587400E-10	3.55055500E+1	1.85661700E-5	7.67637100E-10	3.55055000E+1	2.77599400E-5	7.47908100E-10	3.55055300E+1	3.22681400E-5	5.39229800E-10	3.55054500E+1	3.44474600E-5	8.06790600E-10	3.55055000E+1	3.58453500E-5	6.15832600E-10	3.55055000E+1	3.62825000E-5	6.54758500E-10	3.55055400E+1	4.50079200E-5	1.60230700E-10
3.60086900E+1	1.75326500E-10	9.53670500E-10	3.60086200E+1	1.92014600E-5	7.74074000E-10	3.60087200E+1	2.88109100E-5	7.24280400E-10	3.60087800E+1	3.35771400E-5	9.04371000E-10	3.60087300E+1	3.58911500E-5	6.91298500E-10	3.60087100E+1	3.74183900E-5	6.66572200E-10	3.60087300E+1	3.78997900E-5	7.59495500E-10	3.60086900E+1	4.66696400E-5	2.09541400E-11
3.65080400E+1	6.48496000E-11	8.03003300E-10	3.65082100E+1	1.98494800E-5	7.66765700E-10	3.65083000E+1	2.98908700E-5	7.97512800E-10	3.65081300E+1	3.49299100E-5	7.81570900E-10	3.65082000E+1	3.74295300E-5	6.82513900E-10	3.65082900E+1	3.90302700E-5	9.48786500E-10	3.65081900E+1	3.95634800E-5	5.77360200E-10	3.65081100E+1	4.83045600E-5	-2.36568100E-11
3.70073400E+1	1.19968800E-11	1.12917900E-9	3.70074700E+1	2.04960400E-5	9.69082800E-10	3.70075200E+1	3.10151000E-5	8.06752000E-10	3.70075300E+1	3.63230800E-5	3.63040000E-10	3.70075500E+1	3.89741400E-5	7.74224700E-10	3.70074500E+1	4.06887000E-5	7.57715700E-10	3.70072900E+1	4.12813200E-5	6.58696500E-10	3.70073000E+1	4.99096100E-5	-8.19010000E-11
3.75070000E+1	1.31760300E-10	8.85740100E-10	3.75069900E+1	2.11624600E-5	8.91156000E-10	3.75070400E+1	3.21477300E-5	8.27881000E-10	3.75069600E+1	3.77536700E-5	7.90885800E-10	3.75070000E+1	4.05593400E-5	7.49271700E-10	3.75069800E+1	4.23953000E-5	7.14132200E-10	3.75069700E+1	4.30489100E-5	7.85433200E-10	3.75070900E+1	5.15239000E-5	8.69981200E-11
3.80099000E+1	2.02512500E-10	7.38517500E-10	3.80099700E+1	2.18457000E-5	7.31928800E-10	3.80099000E+1	3.32987800E-5	9.66167700E-10	3.80098500E+1	3.92298700E-5	6.96297400E-10	3.80098800E+1	4.22104300E-5	7.28483400E-10	3.80100400E+1	4.41599200E-5	7.73959700E-10	3.80098200E+1	4.48808500E-5	6.21323200E-10	3.80098700E+1	5.31676400E-5	1.98588700E-10
3.85093300E+1	2.99987300E-10	9.09634100E-10	3.85093100E+1	2.25398200E-5	7.84752800E-10	3.85092500E+1	3.44721800E-5	7.08982300E-10	3.85092100E+1	4.07277300E-5	7.32724200E-10	3.85092300E+1	4.38958100E-5	8.15876900E-10	3.85094100E+1	4.59559800E-5	7.32307400E-10	3.85093300E+1	4.67250000E-5	6.47337000E-10	3.85092300E+1	5.48206400E-5	-1.02887000E-11
3.90091000E+1	2.60685600E-10	9.39888500E-10	3.90090000E+1	2.32522100E-5	7.46582900E-10	3.90089900E+1	3.56793600E-5	6.64793300E-10	3.90089500E+1	4.22844400E-5	8.85929400E-10	3.90090300E+1	4.56388800E-5	7.80738100E-10	3.90090500E+1	4.77964100E-5	7.01864200E-10	3.90090000E+1	4.86290300E-5	7.40335500E-10	3.90089500E+1	5.64639300E-5	4.41685000E-11
3.95118300E+1	3.13876100E-10	7.77254000E-10	3.95117900E+1	2.39807700E-5	7.36586300E-10	3.95118900E+1	3.69243900E-5	9.45984400E-10	3.95118200E+1	4.38904300E-5	8.07282100E-10	3.95117600E+1	4.74227300E-5	7.06975400E-10	3.95117800E+1	4.96968700E-5	7.29467500E-10	3.95118000E+1	5.06060500E-5	6.54076700E-10	3.95117100E+1	5.81487400E-5	9.49878000E-11
4.00112100E+1	4.09282000E-10	8.74380100E-10	4.00111700E+1	2.47216300E-5	8.43973800E-10	4.00112300E+1	3.81717800E-5	7.16971900E-10	4.00110800E+1	4.55019400E-5	7.36472700E-10	4.00111800E+1	4.92204400E-5	7.48325100E-10	4.00112200E+1	5.16260600E-5	7.53891100E-10	4.00111100E+1	5.26323100E-5	7.31853500E-10	4.00110800E+1	5.98415800E-5	8.07881100E-11
